1 0.09453125 0.934375 0.08125 0.06875
0 0.0640625 0.7578125 0.08125 0.071875
2 0.1671875 0.265625 0.090625 0.06875
3 0.2765625 0.65859375 0.0921875 0.075
6 0.28359375 0.55 0.090625 0.06875
4 0.2734375 0.35859375 0.0828125 0.071875
0 0.2640625 0.071875 0.078125 0.0703125
1 0.50703125 0.92734375 0.090625 0.065625
5 0.496875 0.06328125 0.0859375 0.071875
6 0.61171875 0.2453125 0.0828125 0.06875
6 0.7421875 0.6484375 0.084375 0.075
6 0.72890625 0.4515625 0.0875 0.075
6 0.84609375 0.44453125 0.084375 0.075
5 0.83046875 0.25078125 0.084375 0.0734375
3 0.93671875 0.91796875 0.0859375 0.071875
2 0.95546875 0.5484375 0.0875 0.071875
11 0.0625 0.55625 0.090625 0.071875
13 0.04765625 0.26875 0.084375 0.071875
13 0.06328125 0.084375 0.0828125 0.075
13 0.29140625 0.94609375 0.0828125 0.0734375
8 0.39296875 0.75390625 0.0875 0.075
12 0.3859375 0.16640625 0.084375 0.071875
13 0.50703125 0.56328125 0.090625 0.0828125
9 0.496875 0.35703125 0.09375 0.0765625
13 0.6171875 0.7484375 0.0875 0.075
9 0.73203125 0.93984375 0.090625 0.0734375
12 0.740625 0.83515625 0.0875 0.075
10 0.7171875 0.06796875 0.0875 0.0640625
7 0.61796875 0.14921875 0.0859375 0.06875
7 0.953125 0.35078125 0.0796875 0.071875
10 0.953125 0.725 0.0796875 0.0703125
8 0.9140625 0.06953125 0.084375 0.065625