3 0.04765625 0.07578125 0.06875 0.084375
5 0.2421875 0.06171875 0.0734375 0.08125
6 0.43125 0.0515625 0.071875 0.0828125
6 0.1484375 0.29609375 0.0703125 0.0921875
0 0.059375 0.396875 0.065625 0.0859375
10 0.240625 0.40859375 0.078125 0.0875
9 0.42890625 0.28203125 0.08125 0.09375
9 0.05625 0.1875 0.06875 0.0828125
6 0.4546875 0.5109375 0.071875 0.0859375
14 0.5484375 0.2671875 0.0671875 0.078125
13 0.55234375 0.49921875 0.06875 0.0765625
3 0.91875 0.27890625 0.0609375 0.078125
1 0.74296875 0.5046875 0.065625 0.0734375
4 0.74765625 0.61953125 0.065625 0.075
0 0.93125 0.7234375 0.0578125 0.071875
2 0.92890625 0.928125 0.059375 0.06875
2 0.059375 0.625 0.0625 0.071875
1 0.3515625 0.7484375 0.06875 0.075
6 0.54375 0.73984375 0.0625 0.0765625
5 0.26640625 0.95859375 0.065625 0.0734375
6 0.5484375 0.95 0.0625 0.06875
13 0.6390625 0.0515625 0.0625 0.071875
8 0.9140625 0.06484375 0.059375 0.071875
8 0.25390625 0.63515625 0.065625 0.071875
14 0.93046875 0.4984375 0.0578125 0.0734375
12 0.15625 0.74140625 0.065625 0.075
14 0.259375 0.85390625 0.059375 0.0671875
11 0.07734375 0.94609375 0.0625 0.06875
11 0.45703125 0.853125 0.0625 0.06875
14 0.75078125 0.8328125 0.059375 0.075
14 0.7453125 0.94609375 0.059375 0.06875
10 0.73828125 0.26171875 0.05625 0.071875
