3 0.92421875 0.04765625 0.084375 0.06875
5 0.93828125 0.2421875 0.08125 0.0734375
6 0.9484375 0.43125 0.0828125 0.071875
6 0.70390625 0.1484375 0.0921875 0.0703125
0 0.603125 0.059375 0.0859375 0.065625
10 0.59140625 0.240625 0.0875 0.078125
9 0.71796875 0.42890625 0.09375 0.08125
9 0.8125 0.05625 0.0828125 0.06875
6 0.4890625 0.4546875 0.0859375 0.071875
14 0.7328125 0.5484375 0.078125 0.0671875
13 0.50078125 0.55234375 0.0765625 0.06875
3 0.72109375 0.91875 0.078125 0.0609375
1 0.4953125 0.74296875 0.0734375 0.065625
4 0.38046875 0.74765625 0.075 0.065625
0 0.2765625 0.93125 0.071875 0.0578125
2 0.071875 0.92890625 0.06875 0.059375
2 0.375 0.059375 0.071875 0.0625
1 0.2515625 0.3515625 0.075 0.06875
6 0.26015625 0.54375 0.0765625 0.0625
5 0.04140625 0.26640625 0.0734375 0.065625
6 0.05 0.5484375 0.06875 0.0625
13 0.9484375 0.6390625 0.071875 0.0625
8 0.93515625 0.9140625 0.071875 0.0609375
8 0.36484375 0.25390625 0.071875 0.065625
14 0.5015625 0.93046875 0.0734375 0.0578125
12 0.25859375 0.15625 0.075 0.065625
14 0.14609375 0.259375 0.0671875 0.059375
11 0.05390625 0.07734375 0.06875 0.0625
11 0.146875 0.45703125 0.06875 0.0625
14 0.1671875 0.75078125 0.075 0.059375
14 0.05390625 0.7453125 0.06875 0.059375
10 0.73828125 0.73828125 0.071875 0.05625
