6 0.296875 0.940625 0.0734375 0.0609375
6 0.76328125 0.92265625 0.071875 0.059375
2 0.078125 0.859375 0.071875 0.0609375
0 0.39296875 0.665625 0.078125 0.065625
1 0.1625 0.5640625 0.071875 0.065625
0 0.0546875 0.46328125 0.071875 0.0625
2 0.2859375 0.453125 0.071875 0.0625
4 0.3953125 0.3546875 0.0734375 0.065625
1 0.62890625 0.3484375 0.075 0.0625
5 0.74375 0.24921875 0.071875 0.0625
3 0.9515625 0.253125 0.065625 0.05625
6 0.16015625 0.1671875 0.071875 0.0609375
6 0.071875 0.07890625 0.071875 0.0578125
5 0.284375 0.07109375 0.071875 0.0578125
6 0.515625 0.0734375 0.071875 0.0578125
3 0.73515625 0.07265625 0.071875 0.059375
11 0.525 0.93359375 0.075 0.0609375
14 0.9546875 0.8421875 0.0734375 0.0625
12 0.284375 0.74765625 0.0734375 0.0625
10 0.51953125 0.75546875 0.071875 0.065625
10 0.753125 0.74609375 0.075 0.065625
14 0.0640625 0.65546875 0.06875 0.0625
9 0.52578125 0.55859375 0.078125 0.065625
8 0.75859375 0.565625 0.071875 0.0625
11 0.96015625 0.6375 0.06875 0.0609375
8 0.515625 0.44765625 0.0765625 0.065625
14 0.740625 0.446875 0.0734375 0.065625
13 0.9546875 0.459375 0.071875 0.0625
9 0.05 0.265625 0.071875 0.0609375
14 0.2703125 0.2625 0.071875 0.059375
13 0.50859375 0.25546875 0.078125 0.0671875
14 0.9328125 0.07421875 0.0765625 0.0578125
