6 0.059375 0.296875 0.0609375 0.0734375
6 0.07734375 0.76328125 0.05859375 0.07109375
2 0.140625 0.078125 0.0609375 0.07109375
0 0.334375 0.39296875 0.065625 0.078125
1 0.4359375 0.1625 0.06484375 0.071875
0 0.53671875 0.0546875 0.0625 0.07109375
2 0.546875 0.2859375 0.06328125 0.071875
4 0.6453125 0.3953125 0.06484375 0.0734375
1 0.6515625 0.62890625 0.0625 0.075
5 0.75078125 0.74375 0.0625 0.07109375
3 0.746875 0.9515625 0.05625 0.06640625
6 0.8328125 0.16015625 0.0609375 0.07109375
6 0.92109375 0.071875 0.0578125 0.07109375
5 0.92890625 0.284375 0.0578125 0.071875
6 0.9265625 0.515625 0.0578125 0.07109375
3 0.92734375 0.73515625 0.05859375 0.07109375
11 0.06640625 0.525 0.0609375 0.075
14 0.1578125 0.9546875 0.0625 0.0734375
12 0.25234375 0.284375 0.0625 0.0734375
10 0.24453125 0.51953125 0.065625 0.071875
10 0.25390625 0.753125 0.06484375 0.075
14 0.34453125 0.0640625 0.06328125 0.06953125
9 0.44140625 0.52578125 0.065625 0.07890625
8 0.434375 0.75859375 0.0625 0.071875
11 0.3625 0.96015625 0.0609375 0.06796875
8 0.55234375 0.515625 0.065625 0.0765625
14 0.553125 0.740625 0.06484375 0.0734375
13 0.540625 0.9546875 0.06328125 0.07109375
9 0.734375 0.05 0.0609375 0.071875
14 0.7375 0.2703125 0.06015625 0.07109375
13 0.74453125 0.50859375 0.0671875 0.078125
14 0.92578125 0.9328125 0.0578125 0.0765625
