2 0.08359375 0.76640625 0.06875 0.0640625
6 0.05078125 0.57265625 0.071875 0.0609375
4 0.05546875 0.28828125 0.0703125 0.059375
0 0.0703125 0.10078125 0.06875 0.059375
5 0.2859375 0.85703125 0.078125 0.0671875
6 0.40625 0.45625 0.078125 0.065625
5 0.51953125 0.659375 0.075 0.0625
3 0.52265625 0.94921875 0.071875 0.059375
1 0.5015625 0.26484375 0.0734375 0.059375
2 0.5046875 0.075 0.071875 0.05625
6 0.77109375 0.93515625 0.071875 0.0609375
6 0.7359375 0.07109375 0.075 0.0546875
6 0.9546875 0.9109375 0.06875 0.059375
3 0.9609375 0.54609375 0.0703125 0.059375
0 0.959375 0.4390625 0.071875 0.0625
1 0.9296875 0.0796875 0.065625 0.05
12 0.1 0.953125 0.071875 0.0609375
9 0.053125 0.46796875 0.071875 0.0625
14 0.3015625 0.6578125 0.078125 0.065625
11 0.26953125 0.45703125 0.078125 0.05625
14 0.27734375 0.27421875 0.071875 0.0578125
8 0.29296875 0.0828125 0.078125 0.0578125
14 0.41875 0.8546875 0.0796875 0.0625
10 0.41328125 0.55546875 0.084375 0.06875
11 0.63828125 0.8546875 0.071875 0.0578125
10 0.628125 0.55859375 0.0765625 0.06875
14 0.6203125 0.446875 0.0796875 0.0625
13 0.7484375 0.65703125 0.0734375 0.0625
8 0.7515625 0.4515625 0.075 0.065625
13 0.7265625 0.25625 0.071875 0.059375
9 0.95546875 0.74609375 0.0703125 0.059375
14 0.946875 0.26953125 0.0734375 0.0609375
