1 0.059375 0.0890625 0.05859375 0.071875
6 0.24140625 0.18359375 0.06328125 0.075
6 0.2359375 0.409375 0.06484375 0.0765625
5 0.2421875 0.634375 0.06484375 0.075
2 0.25390625 0.865625 0.0671875 0.0765625
4 0.32109375 0.0671875 0.06484375 0.07109375
3 0.3546875 0.953125 0.065625 0.0734375
0 0.45234375 0.61875 0.06484375 0.07890625
5 0.55625 0.7453125 0.06328125 0.0734375
6 0.73125 0.16875 0.06484375 0.0734375
3 0.7515625 0.51953125 0.06484375 0.071875
1 0.74140625 0.9453125 0.06015625 0.07109375
0 0.896875 0.075 0.0578125 0.06953125
2 0.91953125 0.27734375 0.06015625 0.06796875
6 0.9265625 0.721875 0.05546875 0.07109375
6 0.9109375 0.928125 0.06015625 0.06953125
10 0.053125 0.28203125 0.0609375 0.071875
8 0.05625 0.53203125 0.06015625 0.075
9 0.065625 0.7546875 0.06015625 0.0734375
13 0.07109375 0.9546875 0.0609375 0.07109375
13 0.140625 0.18671875 0.065625 0.0765625
10 0.353125 0.7546875 0.06484375 0.0765625
7 0.43984375 0.1671875 0.06328125 0.0734375
12 0.4328125 0.38515625 0.065625 0.0765625
13 0.52734375 0.046875 0.06328125 0.071875
9 0.53125 0.278125 0.065625 0.0765625
11 0.55078125 0.94921875 0.06484375 0.0734375
7 0.6234375 0.05 0.06328125 0.071875
13 0.6390625 0.5140625 0.0671875 0.075
13 0.73515625 0.39296875 0.0671875 0.075
12 0.73984375 0.746875 0.06484375 0.0765625
8 0.921875 0.496875 0.0578125 0.08046875