6 0.1 0.93671875 0.06875 0.059375
6 0.04375 0.28984375 0.075 0.0640625
2 0.15859375 0.375 0.0765625 0.065625
4 0.4015625 0.55390625 0.075 0.0640625
3 0.390625 0.3546875 0.078125 0.0625
5 0.50859375 0.459375 0.0703125 0.0625
1 0.5203125 0.946875 0.0796875 0.0625
0 0.634375 0.84921875 0.075 0.0625
5 0.75234375 0.934375 0.071875 0.0640625
6 0.73125 0.08359375 0.071875 0.059375
6 0.85703125 0.65234375 0.078125 0.0609375
3 0.9546875 0.921875 0.071875 0.059375
0 0.9640625 0.7375 0.071875 0.0640625
6 0.9640625 0.55390625 0.071875 0.0625
1 0.9625 0.4421875 0.075 0.06875
2 0.93046875 0.08359375 0.0703125 0.05625
12 0.0734375 0.57421875 0.0734375 0.0640625
7 0.0671875 0.10625 0.0671875 0.053125
10 0.17890625 0.75703125 0.071875 0.059375
9 0.16015625 0.48359375 0.0734375 0.0609375
12 0.30703125 0.86015625 0.0796875 0.0640625
13 0.2890625 0.64375 0.078125 0.0625
7 0.26640625 0.084375 0.071875 0.053125
10 0.5234375 0.75 0.065625 0.053125
13 0.3828125 0.175 0.075 0.0546875
13 0.50390625 0.08203125 0.075 0.05625
8 0.63828125 0.55859375 0.078125 0.06875
8 0.63046875 0.2578125 0.075 0.0609375
13 0.753125 0.75625 0.075 0.0625
9 0.74921875 0.5546875 0.075 0.065625
11 0.7359375 0.44921875 0.078125 0.0609375
13 0.84453125 0.2625 0.071875 0.0625