6 0.06328125 0.1 0.059375 0.06875
6 0.71015625 0.04375 0.0640625 0.07421875
2 0.625 0.15859375 0.06484375 0.0765625
4 0.44609375 0.4015625 0.0640625 0.07578125
3 0.6453125 0.390625 0.06328125 0.07734375
5 0.540625 0.50859375 0.06328125 0.0703125
1 0.053125 0.5203125 0.06171875 0.0796875
0 0.15078125 0.634375 0.06171875 0.075
5 0.065625 0.75234375 0.0640625 0.07109375
6 0.91640625 0.73125 0.05859375 0.07109375
6 0.34765625 0.85703125 0.06015625 0.07734375
3 0.078125 0.9546875 0.06015625 0.071875
0 0.2625 0.9640625 0.0640625 0.07109375
6 0.44609375 0.9640625 0.06171875 0.07109375
1 0.5578125 0.9625 0.06875 0.075
2 0.91640625 0.93046875 0.05625 0.0703125
13 0.42578125 0.0734375 0.06328125 0.0734375
8 0.89375 0.0671875 0.05390625 0.0671875
11 0.24296875 0.17890625 0.06015625 0.07109375
10 0.51640625 0.16015625 0.0609375 0.0734375
13 0.13984375 0.30703125 0.0640625 0.0796875
14 0.35625 0.2890625 0.0625 0.07734375
8 0.915625 0.26640625 0.05390625 0.071875
11 0.25 0.5234375 0.05390625 0.065625
14 0.825 0.3828125 0.0546875 0.07421875
14 0.91796875 0.50390625 0.05625 0.07421875
9 0.44140625 0.63828125 0.06875 0.07890625
9 0.7421875 0.63046875 0.0609375 0.07421875
14 0.24375 0.753125 0.06171875 0.075
10 0.4453125 0.74921875 0.065625 0.07421875
12 0.55078125 0.7359375 0.0609375 0.07734375
14 0.7375 0.84453125 0.06328125 0.07109375
