6 0.90234375 0.05859375 0.0734375 0.0671875
4 0.04375 0.065625 0.0734375 0.065625
3 0.6984375 0.13984375 0.075 0.06875
0 0.5953125 0.23984375 0.0734375 0.0671875
6 0.35390625 0.24296875 0.078125 0.0671875
6 0.14296875 0.23984375 0.071875 0.0625
1 0.36171875 0.43203125 0.0765625 0.065625
2 0.8375 0.53046875 0.075 0.0671875
2 0.3703125 0.5421875 0.0765625 0.065625
0 0.94609375 0.61875 0.075 0.065625
5 0.60703125 0.7421875 0.075 0.065625
3 0.440625 0.7375 0.0734375 0.065625
1 0.259375 0.74765625 0.0734375 0.065625
5 0.06953125 0.72890625 0.071875 0.0625
6 0.93046875 0.90390625 0.071875 0.0578125
6 0.071875 0.91015625 0.071875 0.059375
14 0.23984375 0.05390625 0.0734375 0.059375
13 0.47734375 0.1453125 0.078125 0.06875
13 0.71640625 0.33671875 0.078125 0.065625
11 0.2546875 0.34609375 0.0765625 0.065625
14 0.03359375 0.3625 0.065625 0.0625
11 0.93515625 0.43046875 0.0734375 0.065625
10 0.615625 0.4265625 0.08125 0.0625
14 0.58359375 0.5375 0.084375 0.0671875
14 0.2453125 0.54453125 0.0765625 0.0671875
9 0.0484375 0.559375 0.075 0.06875
10 0.715625 0.63125 0.078125 0.065625
8 0.82265625 0.7109375 0.0734375 0.0625
8 0.83046875 0.8265625 0.075 0.0609375
9 0.71015625 0.9171875 0.0765625 0.0625
14 0.50546875 0.92109375 0.071875 0.059375
12 0.265625 0.9265625 0.071875 0.0625
