6 0.04765625 0.0875 0.0625 0.071875
6 0.528125 0.04296875 0.0625 0.071875
0 0.72890625 0.06328125 0.0625 0.078125
3 0.62734375 0.17578125 0.06875 0.078125
5 0.0484375 0.4078125 0.0640625 0.075
2 0.81796875 0.27109375 0.0625 0.075
1 0.6421875 0.4046875 0.0625 0.071875
6 0.34609375 0.521875 0.065625 0.0765625
0 0.5578125 0.51875 0.06875 0.0796875
2 0.74921875 0.6046875 0.0640625 0.08125
4 0.4515625 0.62734375 0.071875 0.084375
6 0.1640625 0.6359375 0.065625 0.078125
3 0.05859375 0.74375 0.071875 0.078125
1 0.15859375 0.82265625 0.0640625 0.078125
6 0.7296875 0.8671875 0.0625 0.0765625
5 0.92265625 0.92734375 0.0578125 0.078125
14 0.41875 0.06171875 0.0671875 0.078125
8 0.909375 0.0625 0.0625 0.075
14 0.24296875 0.178125 0.071875 0.075
13 0.13671875 0.30078125 0.06875 0.075
11 0.3328125 0.275 0.065625 0.078125
14 0.525 0.26953125 0.0734375 0.078125
10 0.4453125 0.4015625 0.065625 0.08125
10 0.91640625 0.38203125 0.0625 0.0734375
9 0.83046875 0.5078125 0.065625 0.08125
14 0.9296875 0.62109375 0.05625 0.075
13 0.34375 0.7453125 0.06875 0.0828125
11 0.56796875 0.74765625 0.065625 0.078125
9 0.26875 0.890625 0.065625 0.078125
14 0.08515625 0.95390625 0.0640625 0.0734375
12 0.4421875 0.96328125 0.0703125 0.071875
8 0.5625 0.95625 0.065625 0.075
