10 0.09140625 0.95234375 0.075 0.065625
3 0.2984375 0.946875 0.084375 0.0609375
6 0.7375 0.9375 0.071875 0.0609375
6 0.95390625 0.925 0.06875 0.0625
5 0.5234375 0.85625 0.075 0.065625
3 0.734375 0.8171875 0.075 0.0625
1 0.96328125 0.7375 0.0734375 0.0625
6 0.06953125 0.75859375 0.075 0.0625
4 0.0578125 0.56875 0.078125 0.065625
6 0.0625 0.4609375 0.075 0.0671875
6 0.28125 0.47109375 0.0765625 0.065625
0 0.50390625 0.45078125 0.078125 0.065625
2 0.1734375 0.2703125 0.075 0.065625
1 0.2984375 0.26328125 0.075 0.065625
5 0.51328125 0.265625 0.0765625 0.0625
2 0.08046875 0.10546875 0.071875 0.0625
0 0.93125 0.078125 0.0734375 0.0578125
8 0.28203125 0.76015625 0.08125 0.065625
14 0.52109375 0.65625 0.08125 0.0671875
14 0.740625 0.64296875 0.078125 0.065625
13 0.171875 0.57265625 0.078125 0.065625
14 0.51328125 0.5609375 0.0734375 0.071875
14 0.74765625 0.45078125 0.0765625 0.071875
11 0.93984375 0.440625 0.0765625 0.0671875
13 0.9625 0.5640625 0.075 0.065625
12 0.39609375 0.365625 0.078125 0.065625
10 0.765625 0.26640625 0.071875 0.065625
8 0.0515625 0.28046875 0.071875 0.065625
14 0.95859375 0.2625 0.075 0.0578125
11 0.27890625 0.08828125 0.075 0.059375
9 0.4625 0.0796875 0.078125 0.0625
9 0.69296875 0.0703125 0.075 0.0609375
