0 0.146875 0.07265625 0.065625 0.071875
6 0.621875 0.0578125 0.065625 0.078125
1 0.803125 0.05859375 0.0625 0.0734375
6 0.0484375 0.2015625 0.065625 0.0734375
5 0.2375 0.18125 0.0640625 0.075
6 0.33828125 0.28125 0.0703125 0.075
1 0.23671875 0.40859375 0.0671875 0.07578125
2 0.3453125 0.5234375 0.06328125 0.07890625
3 0.53125 0.515625 0.06796875 0.07421875
0 0.73828125 0.49609375 0.065625 0.08203125
6 0.45078125 0.740625 0.065625 0.08125
4 0.55390625 0.734375 0.06640625 0.078125
6 0.92890625 0.7359375 0.05625 0.08046875
2 0.0765625 0.95390625 0.06328125 0.0734375
5 0.44140625 0.953125 0.06328125 0.07265625
3 0.7421875 0.95078125 0.06171875 0.07421875
8 0.4375 0.07109375 0.06171875 0.078125
13 0.91015625 0.17265625 0.06015625 0.071875
7 0.05390625 0.4109375 0.06171875 0.07421875
10 0.54375 0.2703125 0.06640625 0.08046875
13 0.73046875 0.26796875 0.0609375 0.07890625
10 0.83046875 0.27578125 0.0625 0.07734375
7 0.9234375 0.39140625 0.05625 0.07265625
12 0.92265625 0.5140625 0.06015625 0.0734375
11 0.05546875 0.646875 0.06796875 0.0796875
8 0.240625 0.63359375 0.0703125 0.08671875
9 0.6375 0.62421875 0.0625 0.07890625
13 0.75390625 0.72890625 0.06171875 0.07734375
9 0.14921875 0.74609375 0.0671875 0.075
13 0.25703125 0.96171875 0.06484375 0.0765625
13 0.5578125 0.95703125 0.065625 0.07265625
12 0.90703125 0.9296875 0.06640625 0.07890625