10 0.90546875 0.05234375 0.071875 0.065625
3 0.703125 0.05078125 0.0765625 0.065625
3 0.2484375 0.0625 0.075 0.065625
2 0.04609375 0.06796875 0.071875 0.0609375
0 0.8140625 0.23515625 0.071875 0.0625
4 0.37265625 0.23984375 0.078125 0.0671875
1 0.0359375 0.2578125 0.071875 0.065625
6 0.4796875 0.3390625 0.0765625 0.065625
2 0.246875 0.44296875 0.075 0.06875
5 0.0515625 0.45390625 0.071875 0.065625
6 0.94453125 0.615625 0.071875 0.075
6 0.721875 0.634375 0.078125 0.065625
6 0.48671875 0.64609375 0.0765625 0.0625
6 0.14921875 0.6375 0.0765625 0.0640625
5 0.9234375 0.90859375 0.075 0.0625
1 0.496875 0.9234375 0.078125 0.0578125
0 0.271875 0.9296875 0.071875 0.053125
13 0.4640625 0.06015625 0.08125 0.065625
12 0.134375 0.1578125 0.0734375 0.0625
13 0.5890625 0.23671875 0.078125 0.0625
10 0.2453125 0.24921875 0.078125 0.06875
13 0.928125 0.43046875 0.071875 0.06875
13 0.70625 0.43125 0.071875 0.065625
13 0.828125 0.51875 0.078125 0.06875
12 0.60546875 0.559375 0.0859375 0.071875
11 0.371875 0.54921875 0.08125 0.065625
8 0.59140625 0.740625 0.078125 0.065625
9 0.27109375 0.7359375 0.075 0.065625
8 0.0421875 0.7484375 0.071875 0.0671875
12 0.071875 0.92890625 0.071875 0.0625
7 0.73359375 0.921875 0.078125 0.0625
7 0.834375 0.8171875 0.0765625 0.0640625