10 0.05234375 0.09453125 0.065625 0.071875
3 0.05078125 0.296875 0.065625 0.0765625
3 0.0625 0.7515625 0.065625 0.075
2 0.06796875 0.95390625 0.0609375 0.071875
0 0.23515625 0.1859375 0.06328125 0.071875
4 0.23984375 0.62734375 0.0671875 0.07890625
1 0.2578125 0.9640625 0.065625 0.071875
6 0.3390625 0.5203125 0.065625 0.0765625
2 0.44296875 0.753125 0.06953125 0.075
5 0.45390625 0.9484375 0.06484375 0.071875
6 0.615625 0.05546875 0.07421875 0.071875
6 0.634375 0.278125 0.06484375 0.07890625
6 0.64609375 0.51328125 0.06328125 0.0765625
6 0.6375 0.85078125 0.06328125 0.0765625
5 0.90859375 0.0765625 0.0625 0.075
1 0.9234375 0.503125 0.0578125 0.07890625
0 0.9296875 0.728125 0.05390625 0.07109375
13 0.06015625 0.5359375 0.065625 0.08046875
12 0.1578125 0.865625 0.06328125 0.0734375
13 0.23671875 0.4109375 0.06328125 0.078125
10 0.24921875 0.7546875 0.06953125 0.07890625
13 0.43046875 0.071875 0.06796875 0.071875
13 0.43125 0.29375 0.065625 0.07109375
13 0.51875 0.171875 0.06796875 0.07890625
12 0.559375 0.39453125 0.071875 0.0859375
11 0.54921875 0.628125 0.065625 0.08203125
8 0.740625 0.40859375 0.065625 0.078125
9 0.7359375 0.72890625 0.065625 0.075
8 0.7484375 0.9578125 0.0671875 0.07109375
12 0.92890625 0.928125 0.0625 0.07109375
7 0.921875 0.26640625 0.0625 0.078125
7 0.8171875 0.165625 0.06328125 0.0765625