10 0.09453125 0.94765625 0.071875 0.065625
3 0.296875 0.94921875 0.0765625 0.065625
3 0.7515625 0.9375 0.075 0.065625
2 0.95390625 0.93203125 0.071875 0.0609375
0 0.1859375 0.76484375 0.071875 0.0625
4 0.62734375 0.76015625 0.078125 0.0671875
1 0.9640625 0.7421875 0.071875 0.065625
6 0.5203125 0.6609375 0.0765625 0.065625
2 0.753125 0.55703125 0.075 0.06875
5 0.9484375 0.54609375 0.071875 0.065625
6 0.05546875 0.384375 0.071875 0.075
6 0.278125 0.365625 0.078125 0.065625
6 0.51328125 0.35390625 0.0765625 0.0625
6 0.85078125 0.3625 0.0765625 0.0625
5 0.0765625 0.09140625 0.075 0.0625
1 0.503125 0.0765625 0.078125 0.0578125
0 0.728125 0.0703125 0.071875 0.053125
13 0.5359375 0.93984375 0.08125 0.065625
12 0.865625 0.8421875 0.0734375 0.0625
13 0.4109375 0.76328125 0.078125 0.0625
10 0.7546875 0.75078125 0.078125 0.06875
13 0.071875 0.56953125 0.071875 0.06875
13 0.29375 0.56875 0.071875 0.065625
13 0.171875 0.48125 0.078125 0.06875
12 0.39453125 0.440625 0.0859375 0.071875
11 0.628125 0.45078125 0.08125 0.065625
8 0.40859375 0.259375 0.078125 0.065625
9 0.72890625 0.2640625 0.075 0.065625
8 0.9578125 0.2515625 0.071875 0.0671875
12 0.928125 0.07109375 0.071875 0.0625
7 0.26640625 0.078125 0.078125 0.0625
7 0.165625 0.1828125 0.0765625 0.0625