3 0.4375 0.07109375 0.0625 0.075
5 0.71875 0.05546875 0.0609375 0.0734375
5 0.9 0.07578125 0.0578125 0.0671875
3 0.05234375 0.18671875 0.0671875 0.06875
6 0.13984375 0.434375 0.0640625 0.075
6 0.7125 0.48984375 0.065625 0.075
1 0.91953125 0.27109375 0.059375 0.075
6 0.440625 0.5265625 0.0625 0.071875
6 0.5359375 0.6328125 0.0625 0.08125
2 0.6421875 0.74375 0.06875 0.071875
6 0.24765625 0.85859375 0.0609375 0.075
1 0.74140625 0.85078125 0.0625 0.078125
4 0.07890625 0.9546875 0.0625 0.075
0 0.4515625 0.96171875 0.065625 0.0765625
0 0.63984375 0.9546875 0.0625 0.075
2 0.92265625 0.928125 0.0546875 0.075
8 0.52890625 0.0578125 0.0625 0.078125
11 0.62890625 0.165625 0.0640625 0.071875
13 0.33359375 0.178125 0.06875 0.075
10 0.240625 0.29296875 0.065625 0.075
7 0.7234375 0.27578125 0.0671875 0.078125
13 0.33203125 0.40703125 0.06875 0.0734375
9 0.5328125 0.3953125 0.06875 0.075
12 0.93046875 0.496875 0.0609375 0.078125
12 0.246875 0.640625 0.06875 0.08125
9 0.83125 0.6171875 0.065625 0.078125
13 0.0671875 0.6421875 0.065625 0.090625
10 0.153125 0.7328125 0.06875 0.075
8 0.34140625 0.74296875 0.075 0.08125
7 0.9203125 0.72734375 0.0609375 0.0734375
13 0.53828125 0.8578125 0.0640625 0.075
13 0.35 0.96171875 0.0609375 0.0765625