4 0.07734375 0.090625 0.059375 0.071875
0 0.08046875 0.940625 0.065625 0.0734375
5 0.16875 0.51796875 0.065625 0.071875
3 0.2578125 0.065625 0.065625 0.0734375
6 0.2625 0.3546875 0.065625 0.078125
0 0.46484375 0.16640625 0.0671875 0.075
6 0.46796875 0.6265625 0.0671875 0.075
6 0.5671875 0.846875 0.065625 0.071875
1 0.57578125 0.96796875 0.059375 0.0640625
5 0.65234375 0.1578125 0.0671875 0.0734375
3 0.6671875 0.5109375 0.065625 0.08125
1 0.765625 0.83984375 0.0625 0.0734375
2 0.84453125 0.284375 0.0609375 0.075
2 0.9234375 0.07265625 0.0609375 0.06875
6 0.92890625 0.18046875 0.059375 0.075
6 0.94296875 0.4859375 0.0609375 0.078125
10 0.07265625 0.4125 0.0625 0.071875
12 0.08046875 0.64296875 0.065625 0.075
12 0.1625 0.28671875 0.0609375 0.0765625
7 0.26953125 0.7390625 0.06875 0.075
10 0.27578125 0.9609375 0.065625 0.075
7 0.378125 0.0609375 0.065625 0.075
13 0.46484375 0.3921875 0.0671875 0.078125
11 0.4625 0.959375 0.065625 0.071875
13 0.55234375 0.059375 0.0671875 0.075
13 0.56171875 0.5125 0.065625 0.075
13 0.66171875 0.37265625 0.0625 0.078125
8 0.67265625 0.73203125 0.0625 0.075
8 0.7546875 0.059375 0.065625 0.071875
13 0.85625 0.61875 0.059375 0.0734375
9 0.9421875 0.73359375 0.0578125 0.075
9 0.940625 0.925 0.05625 0.071875