1 0.0875 0.0921875 0.065625 0.0734375
6 0.45859375 0.06171875 0.0625 0.075
6 0.74765625 0.16484375 0.065625 0.06875
3 0.26953125 0.3 0.065625 0.0796875
6 0.4625 0.3046875 0.06875 0.078125
5 0.5625 0.39375 0.0625 0.0765625
1 0.296875 0.5140625 0.06875 0.0734375
6 0.77109375 0.51328125 0.0625 0.075
5 0.16953125 0.6359375 0.065625 0.078125
6 0.071875 0.75234375 0.059375 0.071875
3 0.4859375 0.7453125 0.059375 0.071875
0 0.2671875 0.7890625 0.059375 0.075
2 0.2640625 0.95 0.059375 0.0703125
2 0.46484375 0.9671875 0.0609375 0.065625
4 0.5734375 0.94453125 0.065625 0.075
0 0.946875 0.83828125 0.059375 0.071875
12 0.2734375 0.06796875 0.059375 0.06875
9 0.64609375 0.05703125 0.065625 0.078125
14 0.92734375 0.07265625 0.059375 0.071875
14 0.0734375 0.28515625 0.059375 0.06875
8 0.66015625 0.27265625 0.0625 0.075
10 0.94375 0.27734375 0.059375 0.078125
10 0.078125 0.50703125 0.05625 0.0765625
9 0.46171875 0.52421875 0.0640625 0.075
14 0.6609375 0.5078125 0.059375 0.075
14 0.94765625 0.49453125 0.059375 0.078125
13 0.94765625 0.6203125 0.059375 0.0734375
13 0.66640625 0.7203125 0.0625 0.0796875
11 0.7609375 0.8484375 0.0640625 0.0765625
14 0.11328125 0.9578125 0.06875 0.06875
11 0.85625 0.93359375 0.0625 0.0765625
8 0.85859375 0.38125 0.0640625 0.078125
