9 0.090625 0.93046875 0.071875 0.059375
13 0.30078125 0.921875 0.0734375 0.065625
11 0.5234375 0.9171875 0.075 0.0625
6 0.75390625 0.9140625 0.075 0.065625
5 0.95859375 0.9109375 0.071875 0.0625
8 0.0765625 0.71328125 0.078125 0.059375
3 0.28515625 0.7359375 0.0765625 0.06875
13 0.51484375 0.728125 0.0765625 0.0671875
1 0.65 0.82421875 0.071875 0.0625
6 0.85390625 0.71640625 0.075 0.065625
6 0.96484375 0.715625 0.0703125 0.065625
6 0.0734375 0.546875 0.075 0.065625
3 0.27734375 0.53828125 0.078125 0.06875
13 0.5046875 0.5375 0.0765625 0.0609375
1 0.75078125 0.62734375 0.078125 0.065625
5 0.74375 0.52265625 0.078125 0.065625
10 0.95 0.53046875 0.071875 0.075
7 0.0578125 0.4453125 0.0765625 0.0625
9 0.85 0.4265625 0.071875 0.065625
13 0.2796875 0.34140625 0.0765625 0.071875
2 0.621875 0.33046875 0.078125 0.0609375
12 0.9484375 0.33515625 0.078125 0.059375
6 0.05546875 0.25859375 0.075 0.065625
10 0.1671875 0.24765625 0.0734375 0.0703125
4 0.39453125 0.23828125 0.075 0.065625
2 0.84609375 0.2203125 0.075 0.0625
12 0.61796875 0.14453125 0.075 0.0609375
8 0.06796875 0.0671875 0.075 0.0625
0 0.284375 0.06328125 0.08125 0.0703125
7 0.509375 0.0609375 0.084375 0.06875
0 0.7296875 0.05625 0.0734375 0.0578125
13 0.92578125 0.0640625 0.0734375 0.0609375