9 0.06953125 0.090625 0.06015625 0.071875
13 0.078125 0.30078125 0.06484375 0.0734375
11 0.0828125 0.5234375 0.0625 0.075
6 0.0859375 0.75390625 0.06484375 0.075
5 0.0890625 0.95859375 0.06328125 0.071875
8 0.28671875 0.0765625 0.05859375 0.078125
3 0.2640625 0.28515625 0.06796875 0.0765625
13 0.271875 0.51484375 0.0671875 0.0765625
1 0.17578125 0.65 0.06328125 0.071875
6 0.28359375 0.85390625 0.06484375 0.075
6 0.284375 0.96484375 0.065625 0.0703125
6 0.453125 0.0734375 0.065625 0.075
3 0.46171875 0.27734375 0.06796875 0.07890625
13 0.4625 0.5046875 0.0609375 0.0765625
1 0.37265625 0.75078125 0.065625 0.07890625
5 0.47734375 0.74375 0.065625 0.07890625
10 0.46953125 0.95 0.07421875 0.071875
7 0.5546875 0.0578125 0.0625 0.0765625
9 0.5734375 0.85 0.06484375 0.071875
13 0.65859375 0.2796875 0.071875 0.0765625
2 0.66953125 0.621875 0.0609375 0.078125
12 0.66484375 0.9484375 0.05859375 0.078125
6 0.74140625 0.05546875 0.065625 0.075
10 0.75234375 0.1671875 0.0703125 0.0734375
4 0.76171875 0.39453125 0.06484375 0.075
2 0.7796875 0.84609375 0.06328125 0.075
12 0.85546875 0.61796875 0.0609375 0.075
8 0.9328125 0.06796875 0.0625 0.075
0 0.93671875 0.284375 0.0703125 0.08046875
7 0.9390625 0.509375 0.06796875 0.08359375
0 0.94375 0.7296875 0.0578125 0.0734375
13 0.9359375 0.92578125 0.0609375 0.0734375