5 0.5625 0.059375 0.0703125 0.075
5 0.74453125 0.06015625 0.0625 0.0734375
6 0.93203125 0.071875 0.059375 0.06953125
3 0.08203125 0.3140625 0.059375 0.075
6 0.44921875 0.3109375 0.06484375 0.07421875
0 0.65859375 0.271875 0.06640625 0.0828125
0 0.94296875 0.2796875 0.06328125 0.078125
1 0.07578125 0.51171875 0.06953125 0.0796875
6 0.271875 0.51796875 0.06796875 0.08125
2 0.36796875 0.515625 0.065625 0.08046875
1 0.56875 0.63828125 0.0671875 0.0703125
4 0.1859375 0.7515625 0.06328125 0.07578125
6 0.27734375 0.8625 0.06328125 0.0703125
2 0.36875 0.9609375 0.06484375 0.071875
3 0.4703125 0.95546875 0.06328125 0.0703125
6 0.67109375 0.95625 0.0640625 0.071875
11 0.0734375 0.09296875 0.06015625 0.071875
10 0.25859375 0.07890625 0.06484375 0.07109375
13 0.4640625 0.0578125 0.06484375 0.07265625
14 0.26796875 0.2875 0.06640625 0.075
12 0.18203125 0.41484375 0.06796875 0.07890625
10 0.471875 0.521875 0.06484375 0.0765625
14 0.77890625 0.496875 0.065625 0.07734375
13 0.94296875 0.50390625 0.0609375 0.07734375
9 0.0796875 0.75078125 0.05859375 0.06796875
14 0.4515625 0.74921875 0.06640625 0.07421875
8 0.66171875 0.7359375 0.06171875 0.07734375
9 0.9421875 0.72265625 0.06015625 0.07421875
8 0.7609375 0.85 0.0640625 0.07890625
14 0.08984375 0.9578125 0.06640625 0.07578125
11 0.19296875 0.95625 0.0640625 0.071875
14 0.93671875 0.9296875 0.059375 0.075
