5 0.940625 0.5625 0.075 0.0703125
5 0.93984375 0.74453125 0.0734375 0.0625
6 0.928125 0.93203125 0.06875 0.059375
3 0.6859375 0.08203125 0.075 0.059375
6 0.6890625 0.44921875 0.075 0.065625
0 0.728125 0.65859375 0.0828125 0.065625
0 0.7203125 0.94296875 0.078125 0.0625
1 0.48828125 0.07578125 0.0796875 0.06875
6 0.48203125 0.271875 0.08125 0.06875
2 0.484375 0.36796875 0.08125 0.065625
1 0.36171875 0.56875 0.0703125 0.0671875
4 0.2484375 0.1859375 0.075 0.0625
6 0.1375 0.27734375 0.0703125 0.0625
2 0.0390625 0.36875 0.071875 0.065625
3 0.04453125 0.4703125 0.0703125 0.0625
6 0.04375 0.67109375 0.071875 0.0640625
10 0.90703125 0.0734375 0.071875 0.059375
9 0.92109375 0.25859375 0.071875 0.065625
12 0.9421875 0.4640625 0.071875 0.065625
13 0.7125 0.26796875 0.075 0.065625
11 0.58515625 0.18203125 0.078125 0.06875
9 0.478125 0.471875 0.0765625 0.065625
13 0.503125 0.77890625 0.078125 0.065625
12 0.49609375 0.94296875 0.078125 0.0609375
8 0.24921875 0.0796875 0.06875 0.059375
13 0.25078125 0.4515625 0.075 0.065625
7 0.2640625 0.66171875 0.078125 0.0625
8 0.27734375 0.9421875 0.075 0.059375
7 0.15 0.7609375 0.078125 0.0640625
13 0.0421875 0.08984375 0.075 0.065625
10 0.04375 0.19296875 0.071875 0.0640625
13 0.0703125 0.93671875 0.075 0.059375