10 0.07734375 0.0921875 0.06796875 0.0734375
8 0.07578125 0.29375 0.06796875 0.0765625
13 0.071875 0.521875 0.0671875 0.07109375
11 0.0875 0.8609375 0.06484375 0.071875
12 0.26015625 0.06328125 0.06953125 0.0734375
8 0.47265625 0.96875 0.06796875 0.0625
13 0.46015625 0.26640625 0.065625 0.08359375
12 0.56953125 0.75078125 0.065625 0.0765625
13 0.59453125 0.9578125 0.0703125 0.07890625
13 0.76484375 0.503125 0.065625 0.084375
10 0.76953125 0.7203125 0.07265625 0.0734375
13 0.76484375 0.94765625 0.06484375 0.07109375
9 0.92890625 0.721875 0.06015625 0.07890625
7 0.93671875 0.271875 0.06328125 0.0765625
7 0.846875 0.15859375 0.06328125 0.078125
9 0.92578125 0.0671875 0.06953125 0.084375
6 0.26875 0.28984375 0.07265625 0.0765625
6 0.27421875 0.51640625 0.071875 0.08359375
2 0.18046875 0.7421875 0.06796875 0.07890625
6 0.284375 0.74375 0.06796875 0.0765625
3 0.290625 0.9625 0.06796875 0.075
2 0.47265625 0.74609375 0.065625 0.075
0 0.4734375 0.51953125 0.06796875 0.0859375
5 0.56484375 0.51171875 0.065625 0.0875
1 0.56328125 0.271875 0.078125 0.0859375
6 0.4546875 0.06640625 0.0703125 0.075
3 0.6484375 0.0734375 0.065625 0.08046875
5 0.7546875 0.2859375 0.06328125 0.078125
1 0.66015625 0.390625 0.06796875 0.08203125
6 0.66640625 0.85 0.06328125 0.078125
0 0.94296875 0.915625 0.05859375 0.075
4 0.94453125 0.50546875 0.0625 0.08359375