2 0.05625 0.7421875 0.06875 0.0640625
6 0.065625 0.44296875 0.0734375 0.0625
6 0.290625 0.734375 0.071875 0.0625
3 0.29375 0.53671875 0.075 0.065625
5 0.2703125 0.4359375 0.0765625 0.0625
0 0.28125 0.2421875 0.06875 0.0578125
2 0.28828125 0.0578125 0.075 0.0625
4 0.515625 0.734375 0.078125 0.06875
6 0.51171875 0.5296875 0.084375 0.06875
6 0.50390625 0.2390625 0.0765625 0.059375
5 0.51484375 0.4140625 0.078125 0.075
3 0.74609375 0.91640625 0.075 0.059375
1 0.73828125 0.42421875 0.0796875 0.0625
6 0.74609375 0.23984375 0.08125 0.0625
0 0.7234375 0.06015625 0.071875 0.059375
1 0.94453125 0.23359375 0.075 0.0625
7 0.0875 0.93828125 0.0640625 0.0625
8 0.07578125 0.55078125 0.075 0.0640625
9 0.0546875 0.25859375 0.078125 0.0625
12 0.06875 0.0671875 0.065625 0.05625
13 0.2984375 0.92109375 0.071875 0.0640625
10 0.50859375 0.921875 0.06875 0.0609375
13 0.4890625 0.05703125 0.071875 0.0609375
12 0.64140625 0.628125 0.071875 0.065625
13 0.73984375 0.7234375 0.0765625 0.0640625
13 0.7640625 0.540625 0.071875 0.0703125
11 0.84296875 0.14296875 0.078125 0.059375
10 0.9578125 0.91796875 0.071875 0.065625
9 0.95859375 0.72109375 0.0734375 0.065625
7 0.9578125 0.53828125 0.071875 0.06875
8 0.96484375 0.415625 0.06875 0.06875
13 0.93125 0.06796875 0.071875 0.065625