2 0.94375 0.2578125 0.06875 0.0640625
6 0.934375 0.55703125 0.0734375 0.0625
6 0.709375 0.265625 0.071875 0.0625
3 0.70625 0.46328125 0.075 0.065625
5 0.7296875 0.5640625 0.0765625 0.0625
0 0.71875 0.7578125 0.06875 0.0578125
2 0.71171875 0.9421875 0.075 0.0625
4 0.484375 0.265625 0.078125 0.06875
6 0.48828125 0.4703125 0.084375 0.06875
6 0.49609375 0.7609375 0.0765625 0.059375
5 0.48515625 0.5859375 0.078125 0.075
3 0.25390625 0.08359375 0.075 0.059375
1 0.26171875 0.57578125 0.0796875 0.0625
6 0.25390625 0.76015625 0.08125 0.0625
0 0.2765625 0.93984375 0.071875 0.059375
1 0.05546875 0.76640625 0.075 0.0625
8 0.9125 0.06171875 0.0640625 0.0625
9 0.92421875 0.44921875 0.075 0.0640625
10 0.9453125 0.74140625 0.078125 0.0625
13 0.93125 0.9328125 0.065625 0.05625
14 0.7015625 0.07890625 0.071875 0.0625
11 0.49140625 0.078125 0.06875 0.0609375
14 0.5109375 0.94296875 0.071875 0.0609375
13 0.35859375 0.371875 0.071875 0.065625
14 0.26015625 0.2765625 0.0765625 0.0640625
14 0.2359375 0.459375 0.071875 0.0703125
12 0.15703125 0.85703125 0.078125 0.059375
11 0.0421875 0.08203125 0.071875 0.065625
10 0.04140625 0.27890625 0.0734375 0.065625
8 0.0421875 0.46171875 0.071875 0.06875
9 0.03515625 0.584375 0.06875 0.0671875
14 0.06875 0.93203125 0.071875 0.065625
