2 0.2578125 0.05625 0.0640625 0.06796875
6 0.55703125 0.065625 0.06171875 0.0734375
6 0.265625 0.290625 0.0625 0.07109375
3 0.46328125 0.29375 0.06484375 0.07578125
5 0.5640625 0.2703125 0.06171875 0.0765625
0 0.7578125 0.28125 0.0578125 0.06875
2 0.9421875 0.28828125 0.0625 0.07578125
4 0.265625 0.515625 0.06796875 0.07734375
6 0.4703125 0.51171875 0.06953125 0.08515625
6 0.7609375 0.50390625 0.05859375 0.0765625
5 0.5859375 0.51484375 0.07421875 0.07890625
3 0.08359375 0.74609375 0.059375 0.075
1 0.57578125 0.73828125 0.0625 0.0796875
6 0.76015625 0.74609375 0.0625 0.08125
0 0.93984375 0.7234375 0.059375 0.07265625
1 0.76640625 0.94453125 0.06328125 0.075
7 0.06171875 0.0875 0.06171875 0.0640625
8 0.44921875 0.07578125 0.0640625 0.07421875
9 0.74140625 0.0546875 0.0625 0.07890625
12 0.9328125 0.06875 0.05703125 0.06640625
13 0.07890625 0.2984375 0.06328125 0.071875
10 0.078125 0.50859375 0.0609375 0.06953125
13 0.94296875 0.4890625 0.0609375 0.07109375
12 0.371875 0.64140625 0.065625 0.07265625
13 0.2765625 0.73984375 0.0640625 0.0765625
13 0.459375 0.7640625 0.0703125 0.07109375
11 0.85703125 0.84296875 0.05859375 0.07890625
10 0.08203125 0.9578125 0.06484375 0.07109375
9 0.27890625 0.95859375 0.065625 0.0734375
7 0.46171875 0.9578125 0.06875 0.07109375
8 0.584375 0.96484375 0.06796875 0.06953125
13 0.93203125 0.93125 0.06484375 0.07265625