6 0.065625 0.08984375 0.06328125 0.07890625
1 0.07578125 0.51953125 0.06328125 0.078125
3 0.08359375 0.75078125 0.0609375 0.0734375
6 0.165625 0.27734375 0.06796875 0.0875
6 0.26640625 0.396875 0.07265625 0.07890625
5 0.26796875 0.08125 0.06328125 0.07109375
4 0.44921875 0.04375 0.06328125 0.07890625
1 0.46484375 0.74453125 0.06328125 0.075
6 0.47734375 0.959375 0.06953125 0.07890625
5 0.57265625 0.85078125 0.0671875 0.08203125
2 0.74921875 0.16015625 0.0609375 0.084375
6 0.93359375 0.0703125 0.06328125 0.08203125
2 0.759375 0.9484375 0.06484375 0.06953125
3 0.94140625 0.72109375 0.06484375 0.078125
0 0.9390625 0.928125 0.05859375 0.0734375
14 0.0640625 0.29375 0.065625 0.07109375
9 0.10390625 0.9515625 0.065625 0.071875
9 0.178125 0.75234375 0.06796875 0.07890625
14 0.2796875 0.87578125 0.06328125 0.07890625
14 0.28359375 0.634375 0.06484375 0.07890625
14 0.46484375 0.28671875 0.06484375 0.0765625
13 0.48125 0.521875 0.06953125 0.08046875
10 0.57109375 0.50234375 0.06953125 0.08203125
11 0.584375 0.95234375 0.06953125 0.0734375
10 0.76875 0.84453125 0.06484375 0.078125
12 0.77734375 0.509375 0.0703125 0.08046875
8 0.93125 0.50234375 0.06328125 0.084375
14 0.8484375 0.2859375 0.065625 0.078125
13 0.653125 0.2796875 0.065625 0.08203125
8 0.55703125 0.0609375 0.06484375 0.071875
11 0.7390625 0.0671875 0.0703125 0.08203125
0 0.6734375 0.73984375 0.078125 0.0875
