6 0.078125 0.0921875 0.06328125 0.07109375
3 0.2609375 0.06875 0.06484375 0.0703125
5 0.5609375 0.05859375 0.06953125 0.06640625
3 0.7578125 0.06640625 0.05859375 0.06796875
1 0.92578125 0.07109375 0.0609375 0.07421875
2 0.2515625 0.3125 0.0625 0.07109375
2 0.6578125 0.26953125 0.07109375 0.078125
1 0.9421875 0.39609375 0.05859375 0.08203125
0 0.08046875 0.53828125 0.06875 0.07578125
6 0.27421875 0.646875 0.06796875 0.0796875
6 0.76015625 0.6140625 0.06328125 0.0765625
5 0.94140625 0.60546875 0.0546875 0.07734375
0 0.07265625 0.775 0.06171875 0.06953125
6 0.28046875 0.965625 0.0640625 0.06796875
4 0.4734375 0.9625 0.06171875 0.075
6 0.58203125 0.95625 0.07109375 0.075
14 0.46328125 0.06640625 0.0640625 0.06953125
12 0.06875 0.3078125 0.0625 0.071875
10 0.4609375 0.290625 0.0671875 0.07421875
13 0.5734375 0.384375 0.06875 0.07734375
14 0.7640625 0.3875 0.0609375 0.0734375
9 0.26796875 0.4984375 0.0703125 0.07578125
9 0.4703125 0.52890625 0.06875 0.0703125
13 0.56640625 0.625 0.06640625 0.07265625
8 0.175 0.753125 0.0671875 0.06796875
11 0.478125 0.73203125 0.06875 0.08046875
8 0.66328125 0.74296875 0.0671875 0.075
11 0.278125 0.8609375 0.06484375 0.07109375
10 0.0859375 0.95703125 0.0625 0.06328125
14 0.75625 0.9546875 0.06328125 0.06796875
14 0.85859375 0.83515625 0.06171875 0.0734375
14 0.93125 0.93046875 0.0609375 0.0734375
