2 0.0765625 0.946875 0.090625 0.078125
2 0.946875 0.9265625 0.096875 0.0796875
10 0.0578125 0.08359375 0.0875 0.0765625
10 0.91875 0.0734375 0.084375 0.071875
5 0.1765625 0.946875 0.0953125 0.08125
5 0.84609375 0.93359375 0.0890625 0.078125
13 0.16171875 0.0734375 0.0875 0.0734375
13 0.821875 0.0703125 0.09375 0.075
3 0.16796875 0.753125 0.0984375 0.08125
3 0.8453125 0.74140625 0.096875 0.0828125
11 0.2734375 0.07265625 0.1 0.08125
11 0.71484375 0.0703125 0.0921875 0.08125
0 0.4015625 0.946875 0.10625 0.0859375
0 0.6328125 0.9375 0.1015625 0.084375
8 0.384375 0.07265625 0.096875 0.078125
8 0.60625 0.06953125 0.1 0.078125
4 0.5203125 0.9375 0.1 0.090625
12 0.8359375 0.25 0.1015625 0.0828125
1 0.2859375 0.95234375 0.0984375 0.084375
1 0.73984375 0.9359375 0.096875 0.084375
9 0.1640625 0.26953125 0.1 0.084375
9 0.49140625 0.07109375 0.0953125 0.08125
6 0.065625 0.65703125 0.096875 0.08125
6 0.28515625 0.64296875 0.096875 0.084375
6 0.51171875 0.64921875 0.096875 0.0828125
6 0.74296875 0.6453125 0.103125 0.0875
6 0.9421875 0.6265625 0.1046875 0.0828125
14 0.0546875 0.3796875 0.0984375 0.0796875
14 0.27109375 0.3625 0.103125 0.0828125
14 0.49296875 0.35390625 0.1015625 0.0875
14 0.72890625 0.3546875 0.090625 0.084375
14 0.93515625 0.3546875 0.1 0.0796875
