2 0.053125 0.0765625 0.07890625 0.08984375
2 0.0734375 0.946875 0.0796875 0.09609375
10 0.91640625 0.0578125 0.0765625 0.08828125
10 0.9265625 0.91875 0.07109375 0.08359375
5 0.053125 0.1765625 0.08046875 0.0953125
5 0.06640625 0.84609375 0.078125 0.0890625
13 0.9265625 0.16171875 0.0734375 0.08671875
13 0.9296875 0.821875 0.075 0.09375
3 0.246875 0.16796875 0.08046875 0.0984375
3 0.25859375 0.8453125 0.0828125 0.09609375
11 0.92734375 0.2734375 0.08125 0.1
11 0.9296875 0.71484375 0.08046875 0.0921875
0 0.053125 0.4015625 0.08515625 0.10546875
0 0.0625 0.6328125 0.084375 0.1015625
8 0.92734375 0.384375 0.07890625 0.09765625
8 0.93046875 0.60625 0.078125 0.09921875
4 0.0625 0.5203125 0.090625 0.09921875
12 0.75 0.8359375 0.0828125 0.1015625
1 0.04765625 0.2859375 0.08515625 0.0984375
1 0.0640625 0.73984375 0.084375 0.09609375
9 0.73046875 0.1640625 0.084375 0.10078125
9 0.92890625 0.49140625 0.08125 0.0953125
6 0.34296875 0.065625 0.08125 0.09765625
6 0.35703125 0.28515625 0.084375 0.09609375
6 0.35078125 0.51171875 0.0828125 0.096875
6 0.3546875 0.74296875 0.08671875 0.103125
6 0.3734375 0.9421875 0.08359375 0.1046875
14 0.6203125 0.0546875 0.0796875 0.0984375
14 0.6375 0.27109375 0.0828125 0.10234375
14 0.64609375 0.49296875 0.08828125 0.1015625
14 0.6453125 0.72890625 0.08359375 0.090625
14 0.6453125 0.93515625 0.0796875 0.1
