13 0.0703125 0.0921875 0.06953125 0.07109375
6 0.07734375 0.2984375 0.06328125 0.071875
4 0.078125 0.5171875 0.06796875 0.08203125
13 0.0828125 0.7453125 0.06484375 0.07890625
5 0.08828125 0.96015625 0.06328125 0.0734375
9 0.2671875 0.06015625 0.06484375 0.07890625
2 0.271875 0.27890625 0.06953125 0.08046875
10 0.27109375 0.528125 0.06796875 0.08046875
7 0.275 0.753125 0.071875 0.075
6 0.18515625 0.859375 0.06796875 0.0765625
7 0.2859375 0.9703125 0.0625 0.059375
13 0.4578125 0.071875 0.065625 0.0734375
12 0.4625 0.26875 0.0671875 0.0734375
1 0.4703125 0.51953125 0.0671875 0.075
6 0.4703125 0.74765625 0.06953125 0.0765625
3 0.46875 0.9640625 0.0625 0.071875
13 0.5796875 0.959375 0.0625 0.07109375
3 0.57109375 0.746875 0.0765625 0.084375
0 0.67421875 0.84140625 0.06484375 0.078125
5 0.771875 0.94375 0.06328125 0.0765625
1 0.94765625 0.93203125 0.0609375 0.06953125
2 0.94140625 0.71796875 0.06484375 0.078125
6 0.94609375 0.50234375 0.0765625 0.07890625
8 0.75703125 0.503125 0.0671875 0.08203125
12 0.56328125 0.521875 0.0703125 0.07890625
8 0.56875 0.28359375 0.071875 0.0859375
11 0.75390625 0.72421875 0.0703125 0.08203125
6 0.7546875 0.28828125 0.065625 0.0734375
0 0.9296875 0.0671875 0.06328125 0.08203125
13 0.56484375 0.05546875 0.065625 0.075
10 0.74296875 0.0578125 0.065625 0.0765625
9 0.94765625 0.26875 0.05859375 0.07109375