13 0.9078125 0.0703125 0.071875 0.06875
6 0.7015625 0.07734375 0.071875 0.0625
4 0.4828125 0.078125 0.08125 0.06875
13 0.2546875 0.0828125 0.078125 0.065625
5 0.03984375 0.08828125 0.0734375 0.0625
9 0.93984375 0.2671875 0.078125 0.065625
2 0.72109375 0.271875 0.08125 0.06875
10 0.471875 0.27109375 0.08125 0.06875
7 0.246875 0.275 0.075 0.071875
6 0.140625 0.18515625 0.0765625 0.06875
7 0.0296875 0.2859375 0.059375 0.0625
13 0.928125 0.4578125 0.0734375 0.065625
12 0.73125 0.4625 0.0734375 0.0671875
1 0.48046875 0.4703125 0.075 0.0671875
6 0.25234375 0.4703125 0.0765625 0.06875
3 0.0359375 0.46875 0.071875 0.0625
13 0.040625 0.5796875 0.071875 0.0625
3 0.253125 0.57109375 0.084375 0.0765625
0 0.15859375 0.67421875 0.078125 0.065625
5 0.05625 0.771875 0.0765625 0.0640625
1 0.06796875 0.94765625 0.06875 0.0609375
2 0.28203125 0.94140625 0.078125 0.065625
6 0.49765625 0.94609375 0.078125 0.0765625
8 0.496875 0.75703125 0.08125 0.0671875
12 0.478125 0.56328125 0.078125 0.0703125
8 0.71640625 0.56875 0.0859375 0.071875
11 0.27578125 0.75390625 0.08125 0.0703125
6 0.71171875 0.7546875 0.0734375 0.065625
0 0.9328125 0.9296875 0.08125 0.0625
13 0.94453125 0.56484375 0.075 0.065625
10 0.9421875 0.74296875 0.0765625 0.065625
9 0.73125 0.94765625 0.071875 0.059375