6 0.925 0.5640625 0.06875 0.0671875
0 0.93828125 0.75546875 0.06875 0.0625
6 0.9234375 0.9328125 0.06875 0.0578125
0 0.71953125 0.46328125 0.071875 0.0640625
3 0.5984375 0.2640625 0.0765625 0.071875
6 0.715625 0.8578125 0.078125 0.0625
4 0.61015625 0.9375 0.078125 0.0609375
3 0.4875 0.46953125 0.075 0.065625
6 0.37578125 0.27109375 0.08125 0.0609375
2 0.38125 0.7640625 0.078125 0.0609375
1 0.44453125 0.9296875 0.075 0.065625
2 0.14375 0.3796875 0.071875 0.06875
5 0.04609375 0.47265625 0.071875 0.065625
1 0.0421875 0.0859375 0.065625 0.0625
5 0.06796875 0.928125 0.075 0.0546875
6 0.27109375 0.94296875 0.0734375 0.0609375
14 0.90703125 0.0828125 0.06875 0.0609375
13 0.91796875 0.2671875 0.0703125 0.0625
11 0.9421875 0.4578125 0.075 0.0640625
12 0.82890625 0.75859375 0.075 0.06875
9 0.69609375 0.071875 0.078125 0.059375
8 0.728125 0.26484375 0.075 0.059375
10 0.603125 0.56015625 0.075 0.065625
10 0.61875 0.7515625 0.071875 0.065625
14 0.47578125 0.075 0.078125 0.065625
14 0.38125 0.56953125 0.078125 0.065625
14 0.246875 0.08515625 0.075 0.065625
9 0.27578125 0.48046875 0.078125 0.0640625
14 0.13984375 0.278125 0.075 0.065625
13 0.0359375 0.18125 0.071875 0.0625
8 0.13671875 0.565625 0.078125 0.0625
11 0.1546875 0.75546875 0.071875 0.065625
