6 0.075 0.4359375 0.06875 0.0671875
0 0.06171875 0.24453125 0.06875 0.0625
6 0.0765625 0.0671875 0.06875 0.0578125
0 0.28046875 0.53671875 0.071875 0.0640625
3 0.4015625 0.7359375 0.0765625 0.071875
6 0.284375 0.1421875 0.078125 0.0625
4 0.38984375 0.0625 0.078125 0.0609375
3 0.5125 0.53046875 0.075 0.065625
6 0.62421875 0.72890625 0.08125 0.0609375
2 0.61875 0.2359375 0.078125 0.0609375
1 0.55546875 0.0703125 0.075 0.065625
2 0.85625 0.6203125 0.071875 0.06875
5 0.95390625 0.52734375 0.071875 0.065625
1 0.9578125 0.9140625 0.065625 0.0625
5 0.93203125 0.071875 0.075 0.053125
6 0.72890625 0.05703125 0.0734375 0.0609375
13 0.09296875 0.9171875 0.06875 0.0609375
12 0.08203125 0.7328125 0.0703125 0.0625
10 0.0578125 0.5421875 0.075 0.0640625
11 0.17109375 0.24140625 0.075 0.06875
8 0.30390625 0.928125 0.078125 0.059375
7 0.271875 0.73515625 0.075 0.059375
9 0.396875 0.43984375 0.075 0.065625
9 0.38125 0.2484375 0.071875 0.065625
13 0.52421875 0.925 0.078125 0.065625
13 0.61875 0.43046875 0.078125 0.065625
13 0.753125 0.91484375 0.075 0.0671875
8 0.72421875 0.51953125 0.078125 0.0640625
13 0.86015625 0.721875 0.075 0.065625
12 0.9640625 0.81875 0.071875 0.0640625
7 0.86328125 0.434375 0.078125 0.0625
10 0.8453125 0.24453125 0.071875 0.065625