6 0.5640625 0.075 0.0671875 0.06875
0 0.75546875 0.06171875 0.06171875 0.06875
6 0.9328125 0.0765625 0.0578125 0.06875
0 0.46328125 0.28046875 0.0640625 0.07109375
3 0.2640625 0.4015625 0.07265625 0.0765625
6 0.8578125 0.284375 0.0625 0.07890625
4 0.9375 0.38984375 0.0609375 0.07890625
3 0.46953125 0.5125 0.065625 0.07421875
6 0.27109375 0.62421875 0.0609375 0.08046875
2 0.7640625 0.61875 0.0609375 0.07734375
1 0.9296875 0.55546875 0.065625 0.07421875
2 0.3796875 0.85625 0.06875 0.071875
5 0.47265625 0.95390625 0.065625 0.07109375
1 0.0859375 0.9578125 0.06171875 0.065625
5 0.928125 0.93203125 0.05390625 0.07578125
6 0.94296875 0.72890625 0.0609375 0.0734375
13 0.0828125 0.09296875 0.0609375 0.06953125
12 0.2671875 0.08203125 0.06171875 0.0703125
10 0.4578125 0.0578125 0.0640625 0.07578125
11 0.75859375 0.17109375 0.06796875 0.07421875
8 0.071875 0.30390625 0.059375 0.07734375
7 0.26484375 0.271875 0.06015625 0.07578125
9 0.56015625 0.396875 0.065625 0.07578125
9 0.7515625 0.38125 0.06640625 0.071875
13 0.075 0.52421875 0.06640625 0.07734375
13 0.56953125 0.61875 0.06640625 0.07734375
13 0.08515625 0.753125 0.06640625 0.07578125
8 0.48046875 0.72421875 0.0640625 0.07734375
13 0.278125 0.86015625 0.06484375 0.07578125
12 0.18125 0.9640625 0.06328125 0.07109375
7 0.565625 0.86328125 0.06171875 0.07890625
10 0.75546875 0.8453125 0.06484375 0.07265625