0 0.071875 0.0953125 0.06484375 0.07109375
6 0.06015625 0.30390625 0.06015625 0.075
0 0.2515625 0.08125 0.06484375 0.07890625
2 0.278125 0.753125 0.0671875 0.07890625
6 0.278125 0.96328125 0.06875 0.0734375
6 0.45546875 0.059375 0.06796875 0.078125
2 0.4609375 0.51484375 0.0625 0.07890625
5 0.4625 0.75859375 0.065625 0.078125
4 0.55 0.0609375 0.06796875 0.075
5 0.7578125 0.4875 0.06015625 0.08046875
3 0.74765625 0.72890625 0.06328125 0.075
1 0.7546875 0.95 0.06484375 0.071875
6 0.85703125 0.846875 0.05859375 0.07890625
3 0.94140625 0.71640625 0.0625 0.078125
1 0.93359375 0.49921875 0.06015625 0.0765625
6 0.9328125 0.27265625 0.0625 0.07890625
11 0.07578125 0.53125 0.06796875 0.07890625
12 0.0890625 0.73203125 0.06328125 0.075
8 0.10390625 0.95625 0.065625 0.0734375
13 0.2609375 0.29921875 0.0625 0.0765625
13 0.2703125 0.521875 0.06484375 0.078125
10 0.35546875 0.16953125 0.06953125 0.071875
9 0.4546875 0.26953125 0.06953125 0.08046875
7 0.55546875 0.271875 0.0671875 0.07890625
13 0.5625 0.52421875 0.0671875 0.0765625
7 0.578125 0.734375 0.0671875 0.0765625
13 0.46640625 0.96328125 0.065625 0.0734375
12 0.56640625 0.9625 0.0671875 0.075
8 0.725 0.0546875 0.06328125 0.0765625
10 0.740625 0.284375 0.065625 0.075
9 0.92109375 0.07109375 0.05859375 0.078125
13 0.93984375 0.9109375 0.0578125 0.078125