0 0.0953125 0.928125 0.071875 0.065625
6 0.30390625 0.93984375 0.075 0.059375
0 0.08125 0.7484375 0.078125 0.065625
2 0.753125 0.721875 0.078125 0.0671875
6 0.96328125 0.721875 0.0734375 0.06875
6 0.059375 0.54453125 0.078125 0.06875
2 0.51484375 0.5390625 0.078125 0.0625
5 0.75859375 0.5375 0.078125 0.065625
4 0.0609375 0.45 0.075 0.06875
5 0.4875 0.2421875 0.08125 0.059375
3 0.72890625 0.25234375 0.075 0.0625
1 0.95 0.2453125 0.071875 0.065625
6 0.846875 0.14296875 0.078125 0.059375
3 0.71640625 0.05859375 0.078125 0.0625
1 0.49921875 0.06640625 0.0765625 0.059375
6 0.27265625 0.0671875 0.078125 0.0625
12 0.53125 0.92421875 0.078125 0.06875
13 0.73203125 0.9109375 0.075 0.0640625
9 0.95625 0.89609375 0.0734375 0.065625
14 0.29921875 0.7390625 0.0765625 0.0625
14 0.521875 0.7296875 0.078125 0.065625
11 0.16953125 0.64453125 0.071875 0.0703125
10 0.26953125 0.5453125 0.08125 0.06875
8 0.271875 0.44453125 0.078125 0.0671875
14 0.52421875 0.4375 0.0765625 0.0671875
8 0.734375 0.421875 0.0765625 0.0671875
14 0.96328125 0.53359375 0.0734375 0.065625
13 0.9625 0.43359375 0.075 0.0671875
9 0.0546875 0.275 0.0765625 0.0625
11 0.284375 0.259375 0.075 0.065625
10 0.07109375 0.07890625 0.078125 0.059375
14 0.9109375 0.06015625 0.078125 0.0578125
