0 0.940625 0.4484375 0.075 0.065625
1 0.92734375 0.9265625 0.0734375 0.059375
1 0.72265625 0.265625 0.078125 0.065625
3 0.8421875 0.74453125 0.075 0.0640625
6 0.71953125 0.93984375 0.075 0.059375
0 0.49375 0.66171875 0.078125 0.065625
6 0.50625 0.9484375 0.078125 0.059375
4 0.24296875 0.07890625 0.0765625 0.0625
6 0.24453125 0.18125 0.0765625 0.06875
2 0.2546875 0.4765625 0.0765625 0.0640625
6 0.37890625 0.8546875 0.075 0.059375
2 0.0359375 0.28984375 0.071875 0.0625
3 0.06015625 0.66484375 0.075 0.0625
6 0.16953125 0.76171875 0.0734375 0.0609375
5 0.16796875 0.86015625 0.0734375 0.0625
5 0.06640625 0.94765625 0.0703125 0.0625
10 0.90703125 0.0828125 0.071875 0.059375
9 0.9328125 0.2578125 0.06875 0.06875
14 0.93828125 0.6421875 0.071875 0.065625
11 0.70546875 0.07421875 0.06875 0.059375
12 0.7203125 0.4640625 0.071875 0.065625
11 0.7265625 0.64765625 0.075 0.065625
14 0.61484375 0.8546875 0.0734375 0.0625
8 0.4765625 0.06953125 0.0734375 0.0625
14 0.4921875 0.26484375 0.075 0.0640625
13 0.49140625 0.47265625 0.0828125 0.06875
14 0.246875 0.27578125 0.078125 0.065625
14 0.265625 0.659375 0.078125 0.0625
8 0.0375 0.07890625 0.071875 0.059375
10 0.0296875 0.4703125 0.059375 0.0671875
13 0.59921875 0.56796875 0.08125 0.0625
