0 0.4484375 0.059375 0.065625 0.075
1 0.9265625 0.07265625 0.059375 0.0734375
1 0.265625 0.27734375 0.065625 0.078125
3 0.74453125 0.1578125 0.0625 0.075
6 0.93984375 0.28046875 0.059375 0.075
0 0.66171875 0.50625 0.065625 0.078125
6 0.9484375 0.49375 0.059375 0.078125
4 0.07890625 0.75703125 0.0625 0.0765625
6 0.18125 0.75546875 0.06875 0.0765625
2 0.4765625 0.7453125 0.0640625 0.0765625
6 0.8546875 0.62109375 0.059375 0.075
2 0.28984375 0.9640625 0.0625 0.071875
3 0.66484375 0.93984375 0.0625 0.075
6 0.76171875 0.83046875 0.0609375 0.0734375
5 0.86015625 0.83203125 0.0625 0.0734375
5 0.94765625 0.93359375 0.0625 0.0703125
9 0.0828125 0.09296875 0.059375 0.071875
8 0.2578125 0.0671875 0.06875 0.06875
13 0.6421875 0.06171875 0.065625 0.071875
10 0.07421875 0.29453125 0.059375 0.06875
11 0.4640625 0.2796875 0.065625 0.071875
10 0.64765625 0.2734375 0.065625 0.075
13 0.8546875 0.38515625 0.0625 0.0734375
7 0.06953125 0.5234375 0.0625 0.0734375
13 0.26484375 0.5078125 0.0640625 0.075
12 0.47265625 0.50859375 0.06875 0.0828125
13 0.27578125 0.753125 0.065625 0.078125
13 0.659375 0.734375 0.0625 0.078125
7 0.07890625 0.9625 0.059375 0.071875
9 0.4703125 0.9703125 0.0671875 0.059375
12 0.56796875 0.40078125 0.0625 0.08125