13 0.09140625 0.928125 0.075 0.065625
8 0.0640625 0.728125 0.071875 0.0671875
10 0.5359375 0.725 0.084375 0.065625
14 0.8625 0.71640625 0.08125 0.065625
11 0.29375 0.55 0.0734375 0.0671875
12 0.5109375 0.54765625 0.08125 0.065625
14 0.7546875 0.525 0.0765625 0.06875
8 0.953125 0.52734375 0.078125 0.0625
9 0.3859375 0.43984375 0.078125 0.06875
14 0.52265625 0.44296875 0.078125 0.0703125
9 0.95625 0.4265625 0.0734375 0.065625
10 0.04375 0.25703125 0.071875 0.0625
11 0.85 0.23984375 0.078125 0.071875
14 0.07578125 0.06640625 0.0734375 0.0609375
14 0.27109375 0.06015625 0.071875 0.0625
13 0.73125 0.065625 0.0765625 0.065625
4 0.3953125 0.91640625 0.078125 0.065625
6 0.63359375 0.91953125 0.075 0.0609375
2 0.865625 0.91171875 0.071875 0.0671875
3 0.765625 0.81796875 0.075 0.0625
2 0.953125 0.8140625 0.06875 0.065625
6 0.3078125 0.73671875 0.078125 0.06875
0 0.07265625 0.54921875 0.0734375 0.065625
5 0.07265625 0.44765625 0.0765625 0.0765625
3 0.728125 0.43046875 0.08125 0.06875
6 0.7375 0.334375 0.084375 0.0671875
1 0.49921875 0.2453125 0.0734375 0.059375
6 0.6265625 0.14609375 0.078125 0.065625
5 0.2625 0.2484375 0.078125 0.06875
0 0.378125 0.13828125 0.08125 0.059375
1 0.49453125 0.04609375 0.078125 0.059375
6 0.91953125 0.05625 0.075 0.05625
