13 0.071875 0.09140625 0.06484375 0.075
8 0.271875 0.0640625 0.0671875 0.071875
10 0.275 0.5359375 0.065625 0.08359375
14 0.28359375 0.8625 0.06484375 0.08046875
11 0.45 0.29375 0.0671875 0.0734375
12 0.45234375 0.5109375 0.065625 0.08046875
14 0.475 0.7546875 0.06796875 0.0765625
8 0.47265625 0.953125 0.0625 0.07890625
9 0.56015625 0.3859375 0.06953125 0.078125
14 0.55703125 0.52265625 0.0703125 0.07890625
9 0.5734375 0.95625 0.06484375 0.0734375
10 0.74296875 0.04375 0.06328125 0.07109375
11 0.76015625 0.85 0.071875 0.078125
14 0.93359375 0.07578125 0.0609375 0.0734375
14 0.93984375 0.27109375 0.0625 0.071875
13 0.934375 0.73125 0.065625 0.0765625
4 0.08359375 0.3953125 0.06484375 0.07890625
6 0.08046875 0.63359375 0.0609375 0.075
2 0.08828125 0.865625 0.0671875 0.071875
3 0.18203125 0.765625 0.0625 0.075
2 0.1859375 0.953125 0.06484375 0.06953125
6 0.26328125 0.3078125 0.06953125 0.07890625
0 0.45078125 0.07265625 0.065625 0.0734375
5 0.55234375 0.07265625 0.0765625 0.0765625
3 0.56953125 0.728125 0.06953125 0.08046875
6 0.665625 0.7375 0.0671875 0.08359375
1 0.7546875 0.49921875 0.05859375 0.0734375
6 0.85390625 0.6265625 0.06484375 0.078125
5 0.7515625 0.2625 0.06796875 0.078125
0 0.86171875 0.378125 0.06015625 0.08203125
1 0.95390625 0.49453125 0.05859375 0.078125
6 0.94375 0.91953125 0.05546875 0.075
