1 0.0921875 0.0890625 0.06328125 0.0703125
1 0.25234375 0.06796875 0.06484375 0.071875
2 0.4453125 0.06953125 0.065625 0.07109375
2 0.55 0.07265625 0.06171875 0.07109375
6 0.75078125 0.171875 0.06640625 0.0734375
3 0.26640625 0.290625 0.06953125 0.07421875
6 0.4515625 0.27890625 0.06875 0.0734375
6 0.64765625 0.2703125 0.06796875 0.08046875
6 0.94921875 0.3859375 0.06171875 0.078125
6 0.06796875 0.42109375 0.0609375 0.078125
5 0.27734375 0.51171875 0.06328125 0.0765625
0 0.56484375 0.50546875 0.06953125 0.0796875
3 0.27265625 0.7546875 0.065625 0.07890625
4 0.47578125 0.725 0.06875 0.07890625
0 0.9515625 0.73515625 0.06015625 0.0765625
5 0.1078125 0.953125 0.06484375 0.07265625
13 0.84140625 0.06640625 0.06171875 0.071875
10 0.9375 0.0671875 0.0578125 0.0703125
7 0.07109375 0.28984375 0.0640625 0.07578125
12 0.85 0.26953125 0.06328125 0.07890625
8 0.08359375 0.54609375 0.0625 0.075
13 0.46484375 0.509375 0.0671875 0.07734375
9 0.7390625 0.52421875 0.06640625 0.07421875
13 0.859375 0.634375 0.0625 0.075
7 0.07734375 0.753125 0.065625 0.071875
11 0.66953125 0.75234375 0.065625 0.0796875
8 0.771875 0.84296875 0.06328125 0.071875
12 0.1953125 0.9625 0.065625 0.071875
10 0.38125 0.96484375 0.0640625 0.06953125
13 0.4828125 0.95078125 0.06875 0.06796875
13 0.66484375 0.9453125 0.06796875 0.07265625
9 0.9453125 0.92734375 0.05390625 0.0703125