13 0.91015625 0.071875 0.0734375 0.065625
12 0.25234375 0.08828125 0.0765625 0.065625
13 0.59140625 0.1703125 0.075 0.0609375
8 0.92109375 0.26328125 0.075 0.065625
7 0.47109375 0.27421875 0.08125 0.071875
13 0.25546875 0.278125 0.075 0.06875
7 0.740625 0.44921875 0.08125 0.065625
10 0.46484375 0.46875 0.0765625 0.0703125
8 0.0453125 0.475 0.0734375 0.065625
12 0.61875 0.5484375 0.0765625 0.071875
13 0.37578125 0.65703125 0.08125 0.0671875
9 0.146875 0.65703125 0.071875 0.0640625
11 0.384375 0.7671875 0.0765625 0.0671875
9 0.61796875 0.75390625 0.078125 0.065625
10 0.8359375 0.75234375 0.08125 0.06875
13 0.084375 0.94453125 0.0734375 0.05625
1 0.7140625 0.0796875 0.071875 0.06875
3 0.46796875 0.0828125 0.084375 0.0671875
5 0.04453125 0.09375 0.0859375 0.06875
0 0.0421875 0.19765625 0.078125 0.075
5 0.71015625 0.25625 0.078125 0.0671875
0 0.04140625 0.37109375 0.078125 0.06875
1 0.9296875 0.446875 0.078125 0.071875
6 0.26015625 0.4734375 0.078125 0.06875
6 0.2625 0.56640625 0.084375 0.0671875
3 0.03984375 0.5828125 0.078125 0.075
6 0.7203125 0.65078125 0.0875 0.06875
6 0.9296875 0.63359375 0.078125 0.065625
4 0.609375 0.9359375 0.078125 0.065625
6 0.3859375 0.94296875 0.08125 0.0609375
2 0.271875 0.859375 0.0765625 0.0671875
2 0.921875 0.9296875 0.078125 0.06875