13 0.728125 0.653125 0.078125 0.065625
13 0.7109375 0.4578125 0.0765625 0.065625
7 0.6078125 0.55625 0.078125 0.065625
13 0.48984375 0.36796875 0.078125 0.0671875
8 0.4640625 0.07578125 0.078125 0.065625
7 0.2515625 0.3671875 0.0765625 0.065625
12 0.05390625 0.47109375 0.0703125 0.065625
13 0.4671875 0.1703125 0.0765625 0.0640625
8 0.93125 0.746875 0.0765625 0.0640625
13 0.94140625 0.54609375 0.075 0.0640625
9 0.04453125 0.09375 0.071875 0.0625
10 0.9125 0.265625 0.0734375 0.0640625
12 0.896875 0.0828125 0.075 0.0625
10 0.9375 0.946875 0.075 0.0625
6 0.7234375 0.84140625 0.078125 0.065625
6 0.68515625 0.08203125 0.078125 0.0625
0 0.24921875 0.07109375 0.075 0.0625
6 0.4890625 0.94609375 0.0765625 0.0609375
5 0.60859375 0.76015625 0.078125 0.0640625
3 0.259375 0.1765625 0.075 0.065625
0 0.38046875 0.76875 0.078125 0.065625
4 0.26171875 0.94921875 0.075 0.0625
5 0.0375 0.2734375 0.0703125 0.065625
2 0.05078125 0.76484375 0.071875 0.0625
6 0.25390625 0.74765625 0.075 0.0640625
2 0.7234375 0.265625 0.078125 0.065625
6 0.07265625 0.94375 0.0734375 0.059375
1 0.03515625 0.56953125 0.0640625 0.0609375
1 0.36796875 0.45234375 0.078125 0.065625
3 0.940625 0.45234375 0.0734375 0.0640625
11 0.25625 0.5734375 0.071875 0.065625
9 0.49375 0.65546875 0.075 0.0609375