13 0.271875 0.346875 0.078125 0.065625
13 0.2890625 0.5421875 0.0765625 0.065625
7 0.3921875 0.44375 0.078125 0.065625
13 0.51015625 0.63203125 0.078125 0.0671875
8 0.5359375 0.92421875 0.078125 0.065625
7 0.7484375 0.6328125 0.0765625 0.065625
12 0.94609375 0.52890625 0.0703125 0.065625
13 0.5328125 0.8296875 0.0765625 0.0640625
8 0.06875 0.253125 0.0765625 0.0640625
13 0.05859375 0.45390625 0.075 0.0640625
9 0.95546875 0.90625 0.071875 0.0625
10 0.0875 0.734375 0.0734375 0.0640625
12 0.103125 0.9171875 0.075 0.0625
10 0.0625 0.053125 0.075 0.0625
6 0.2765625 0.15859375 0.078125 0.065625
6 0.31484375 0.91796875 0.078125 0.0625
0 0.75078125 0.92890625 0.075 0.0640625
6 0.5109375 0.05390625 0.0765625 0.0609375
5 0.39140625 0.23984375 0.078125 0.0640625
3 0.740625 0.8234375 0.075 0.0640625
0 0.61953125 0.23125 0.078125 0.065625
4 0.73828125 0.05078125 0.075 0.0625
5 0.9625 0.7265625 0.0703125 0.065625
2 0.94921875 0.23515625 0.071875 0.0625
6 0.74609375 0.25234375 0.075 0.0640625
2 0.2765625 0.734375 0.078125 0.065625
6 0.92734375 0.05625 0.0734375 0.059375
1 0.96484375 0.43046875 0.0640625 0.0625
1 0.63203125 0.54765625 0.078125 0.065625
3 0.059375 0.54765625 0.0734375 0.0640625
11 0.74375 0.4265625 0.071875 0.065625
9 0.50625 0.34453125 0.075 0.0609375