8 0.09375 0.92578125 0.078125 0.0671875
13 0.309375 0.9265625 0.0765625 0.06875
14 0.5328125 0.9296875 0.0734375 0.0625
10 0.74375 0.91796875 0.0765625 0.059375
9 0.95390625 0.90546875 0.075 0.0625
11 0.3 0.82734375 0.078125 0.065625
8 0.95546875 0.7171875 0.078125 0.065625
13 0.2921875 0.5484375 0.078125 0.065625
10 0.1703125 0.246875 0.078125 0.0625
11 0.50078125 0.3484375 0.078125 0.071875
12 0.59453125 0.24921875 0.08125 0.071875
14 0.49296875 0.14296875 0.084375 0.059375
14 0.6046875 0.05546875 0.0875 0.0625
14 0.73203125 0.1359375 0.08125 0.065625
14 0.2765625 0.0640625 0.08125 0.065625
9 0.06875 0.07421875 0.090625 0.0625
0 0.06953125 0.75 0.08125 0.06875
2 0.28671875 0.72421875 0.08125 0.0625
3 0.53046875 0.72734375 0.08125 0.078125
6 0.75859375 0.8140625 0.084375 0.0640625
6 0.7484375 0.715625 0.075 0.0703125
4 0.746875 0.54296875 0.0859375 0.078125
6 0.903125 0.3453125 0.0765625 0.0671875
6 0.83046875 0.23203125 0.084375 0.0625
6 0.06640625 0.35703125 0.08125 0.071875
3 0.38125 0.25625 0.084375 0.078125
2 0.278125 0.3484375 0.075 0.075
1 0.07265625 0.55078125 0.078125 0.065625
5 0.96328125 0.52734375 0.0734375 0.06875
0 0.925 0.05 0.084375 0.0609375
1 0.515625 0.5453125 0.096875 0.075
5 0.73125 0.33515625 0.08125 0.0671875
