8 0.90625 0.07421875 0.078125 0.0671875
13 0.690625 0.0734375 0.0765625 0.06875
14 0.4671875 0.0703125 0.0734375 0.0625
10 0.25625 0.08203125 0.0765625 0.059375
9 0.04609375 0.09453125 0.075 0.0625
11 0.7 0.17265625 0.078125 0.065625
8 0.04453125 0.2828125 0.078125 0.065625
13 0.7078125 0.4515625 0.078125 0.065625
10 0.8296875 0.753125 0.078125 0.0625
11 0.49921875 0.6515625 0.078125 0.071875
12 0.40546875 0.75078125 0.08125 0.071875
14 0.50703125 0.85703125 0.084375 0.059375
14 0.3953125 0.94453125 0.0875 0.0625
14 0.26796875 0.8640625 0.08125 0.065625
14 0.7234375 0.9359375 0.08125 0.065625
9 0.93125 0.92578125 0.090625 0.0625
0 0.93046875 0.25 0.08125 0.06875
2 0.71328125 0.27578125 0.08125 0.0625
3 0.46953125 0.27265625 0.08125 0.078125
6 0.24140625 0.1859375 0.084375 0.065625
6 0.2515625 0.284375 0.075 0.0703125
4 0.253125 0.45703125 0.0859375 0.078125
6 0.096875 0.6546875 0.0765625 0.0671875
6 0.16953125 0.76796875 0.084375 0.0640625
6 0.93359375 0.64296875 0.08125 0.071875
3 0.61875 0.74375 0.084375 0.078125
2 0.721875 0.6515625 0.075 0.075
1 0.92734375 0.44921875 0.078125 0.065625
5 0.03671875 0.47265625 0.0734375 0.06875
0 0.075 0.95 0.084375 0.0609375
1 0.484375 0.4546875 0.096875 0.075
5 0.26875 0.66484375 0.08125 0.0671875
