8 0.07421875 0.09375 0.0671875 0.07890625
13 0.0734375 0.309375 0.06796875 0.0765625
14 0.0703125 0.5328125 0.0625 0.0734375
10 0.08203125 0.74375 0.05859375 0.0765625
9 0.09453125 0.95390625 0.0625 0.075
11 0.17265625 0.3 0.065625 0.078125
8 0.2828125 0.95546875 0.06484375 0.078125
13 0.4515625 0.2921875 0.06484375 0.07890625
10 0.753125 0.1703125 0.0625 0.07890625
11 0.6515625 0.50078125 0.071875 0.07890625
12 0.75078125 0.59453125 0.071875 0.08046875
14 0.85703125 0.49296875 0.06015625 0.08359375
14 0.94453125 0.6046875 0.0625 0.0875
14 0.8640625 0.73203125 0.065625 0.08046875
14 0.9359375 0.2765625 0.065625 0.08046875
9 0.92578125 0.06875 0.06328125 0.090625
0 0.25 0.06953125 0.06953125 0.08046875
2 0.27578125 0.28671875 0.06328125 0.08203125
3 0.27265625 0.53046875 0.07890625 0.08046875
6 0.1859375 0.75859375 0.06484375 0.08359375
6 0.284375 0.7484375 0.0703125 0.075
4 0.45703125 0.746875 0.07890625 0.0859375
6 0.6546875 0.903125 0.0671875 0.0765625
6 0.76796875 0.83046875 0.06328125 0.08359375
6 0.64296875 0.06640625 0.071875 0.08046875
3 0.74375 0.38125 0.07890625 0.084375
2 0.6515625 0.278125 0.07578125 0.075
1 0.44921875 0.07265625 0.065625 0.07890625
5 0.47265625 0.96328125 0.06796875 0.0734375
0 0.95 0.925 0.0609375 0.08359375
1 0.4546875 0.515625 0.07421875 0.09609375
5 0.66484375 0.73125 0.0671875 0.08203125
