0 0.65390625 0.50390625 0.0671875 0.08203125
0 0.7625 0.390625 0.06171875 0.07421875
6 0.66328125 0.27890625 0.06640625 0.07890625
1 0.74453125 0.1765625 0.065625 0.07734375
2 0.55390625 0.27109375 0.06640625 0.08046875
6 0.759375 0.83671875 0.0640625 0.075
6 0.2765625 0.51484375 0.065625 0.078125
1 0.6375 0.04921875 0.06484375 0.07421875
6 0.471875 0.95859375 0.065625 0.0703125
3 0.75625 0.62265625 0.06640625 0.07890625
4 0.940625 0.3984375 0.06328125 0.07734375
6 0.28359375 0.96875 0.06484375 0.0625
5 0.6703125 0.90546875 0.06484375 0.075
5 0.8515625 0.8359375 0.065625 0.07578125
2 0.25546875 0.07265625 0.0640625 0.075
3 0.07734375 0.09375 0.0625 0.07421875
8 0.44609375 0.509375 0.06640625 0.07890625
14 0.66015625 0.72890625 0.065625 0.075
14 0.4546875 0.2765625 0.06484375 0.078125
14 0.090625 0.525 0.0640625 0.0765625
13 0.2796875 0.753125 0.06484375 0.07421875
9 0.06796875 0.2953125 0.0625 0.07578125
14 0.56328125 0.87734375 0.0625 0.07265625
11 0.465625 0.7671875 0.06640625 0.0765625
12 0.93515625 0.27734375 0.0640625 0.0796875
13 0.26953125 0.3015625 0.065625 0.07734375
10 0.85625 0.50625 0.06484375 0.07734375
14 0.94296875 0.63125 0.0625 0.07421875
9 0.9421875 0.91953125 0.06015625 0.07109375
11 0.93046875 0.0703125 0.0609375 0.075
10 0.4390625 0.0625 0.06484375 0.07421875
8 0.0859375 0.74765625 0.059375 0.071875
