2 0.44921875 0.2796875 0.08203125 0.09609375
2 0.0734375 0.946875 0.075 0.0890625
10 0.82421875 0.93359375 0.08125 0.09375
10 0.9265625 0.26328125 0.0796875 0.0921875
5 0.26015625 0.61953125 0.0828125 0.084375
5 0.14375 0.178125 0.08046875 0.0921875
13 0.73671875 0.2765625 0.07578125 0.09609375
13 0.92734375 0.81796875 0.0734375 0.0921875
3 0.25078125 0.1703125 0.07890625 0.090625
3 0.2578125 0.846875 0.08046875 0.09140625
11 0.7375 0.4953125 0.08046875 0.09296875
11 0.5578125 0.615625 0.07109375 0.090625
0 0.1484375 0.4 0.08359375 0.0921875
0 0.15078125 0.62578125 0.08046875 0.090625
8 0.84375 0.4828125 0.07421875 0.0953125
8 0.83359375 0.60234375 0.075 0.08984375
4 0.0625 0.51015625 0.08125 0.09375
12 0.7484375 0.83828125 0.07890625 0.09609375
1 0.04921875 0.2921875 0.08125 0.0953125
1 0.45390625 0.6234375 0.08046875 0.09609375
9 0.7296875 0.1515625 0.0796875 0.09609375
9 0.93046875 0.390625 0.08203125 0.09453125
6 0.34140625 0.06484375 0.08203125 0.09921875
6 0.34921875 0.28359375 0.08203125 0.09609375
6 0.44453125 0.5015625 0.0875 0.103125
6 0.35546875 0.7453125 0.08671875 0.109375
6 0.45703125 0.9453125 0.08203125 0.10703125
14 0.6203125 0.05625 0.08515625 0.10234375
14 0.55390625 0.27734375 0.08984375 0.1109375
14 0.65 0.49765625 0.0890625 0.09453125
14 0.5484375 0.734375 0.08515625 0.10390625
14 0.64609375 0.93671875 0.0875 0.096875
