2 0.7203125 0.44921875 0.096875 0.08125
2 0.053125 0.0734375 0.0890625 0.075
10 0.06640625 0.82421875 0.09375 0.08125
10 0.73671875 0.9265625 0.0921875 0.0796875
5 0.38046875 0.26015625 0.084375 0.0828125
5 0.821875 0.14375 0.0921875 0.08125
13 0.7234375 0.73671875 0.096875 0.075
13 0.18203125 0.92734375 0.0921875 0.0734375
3 0.8296875 0.25078125 0.090625 0.078125
3 0.153125 0.2578125 0.090625 0.08125
11 0.5046875 0.7375 0.09375 0.08125
11 0.384375 0.5578125 0.090625 0.071875
0 0.6 0.1484375 0.0921875 0.084375
0 0.37421875 0.15078125 0.090625 0.08125
8 0.5171875 0.84375 0.0953125 0.075
8 0.39765625 0.83359375 0.090625 0.075
4 0.48984375 0.0625 0.09375 0.08125
12 0.16171875 0.7484375 0.096875 0.0796875
1 0.7078125 0.04921875 0.0953125 0.08125
1 0.3765625 0.45390625 0.096875 0.08125
9 0.8484375 0.7296875 0.096875 0.0796875
9 0.609375 0.93046875 0.09375 0.0828125
6 0.93515625 0.34140625 0.1 0.08125
6 0.71640625 0.34921875 0.096875 0.08125
6 0.4984375 0.44453125 0.103125 0.0875
6 0.2546875 0.35546875 0.109375 0.0875
6 0.0546875 0.45703125 0.10625 0.08125
14 0.94375 0.6203125 0.103125 0.0859375
14 0.72265625 0.55390625 0.1109375 0.090625
14 0.50234375 0.65 0.09375 0.0890625
14 0.265625 0.5484375 0.103125 0.084375
14 0.06328125 0.64609375 0.096875 0.0875
