14 0.08359375 0.09296875 0.0625 0.071875
14 0.253125 0.0796875 0.071875 0.0734375
10 0.26484375 0.2953125 0.06875 0.078125
10 0.27265625 0.5328125 0.065625 0.0765625
11 0.2765625 0.75625 0.06875 0.0765625
8 0.28203125 0.9640625 0.0703125 0.071875
14 0.46015625 0.52578125 0.0671875 0.078125
14 0.55703125 0.403125 0.071875 0.0765625
14 0.55390625 0.06171875 0.0703125 0.078125
12 0.56484375 0.84921875 0.0609375 0.06875
13 0.66953125 0.94921875 0.065625 0.0765625
9 0.7578125 0.85 0.065625 0.071875
9 0.85390625 0.946875 0.065625 0.06875
8 0.95625 0.821875 0.053125 0.075
13 0.74140625 0.26171875 0.0625 0.0765625
11 0.75859375 0.0609375 0.065625 0.08125
2 0.0765625 0.296875 0.059375 0.071875
1 0.0703125 0.525 0.059375 0.071875
3 0.084375 0.746875 0.06875 0.0765625
6 0.10234375 0.9484375 0.0625 0.071875
6 0.44921875 0.284375 0.06875 0.08125
6 0.7671875 0.6171875 0.0671875 0.078125
6 0.940625 0.6109375 0.0609375 0.078125
6 0.93359375 0.26796875 0.065625 0.075
3 0.91796875 0.06953125 0.065625 0.071875
0 0.9359375 0.38359375 0.065625 0.08125
4 0.75625 0.3859375 0.0703125 0.08125
5 0.55234375 0.26796875 0.06875 0.078125
5 0.4671875 0.753125 0.078125 0.078125
1 0.56328125 0.61953125 0.065625 0.0890625
0 0.47890625 0.95078125 0.078125 0.08125
2 0.44765625 0.05859375 0.06875 0.084375
