11 0.0578125 0.08828125 0.065625 0.0765625
13 0.16875 0.52421875 0.0671875 0.0765625
12 0.26015625 0.17890625 0.06484375 0.071875
10 0.3421875 0.0671875 0.0625 0.065625
12 0.3703125 0.290625 0.07265625 0.075
7 0.375 0.75078125 0.065625 0.0765625
13 0.66015625 0.515625 0.065625 0.078125
9 0.67265625 0.72734375 0.06484375 0.07890625
8 0.66328125 0.9515625 0.0671875 0.075
13 0.74375 0.15390625 0.0703125 0.08046875
7 0.84765625 0.16171875 0.06484375 0.08203125
10 0.8578125 0.834375 0.05859375 0.071875
8 0.9421875 0.2796875 0.0625 0.07890625
13 0.94140625 0.51015625 0.06484375 0.0765625
13 0.93984375 0.71015625 0.0625 0.07890625
9 0.93359375 0.94140625 0.06484375 0.08046875
3 0.06796875 0.28828125 0.065625 0.06796875
2 0.06484375 0.52578125 0.06484375 0.0734375
2 0.07890625 0.75625 0.06015625 0.07890625
1 0.10625 0.95234375 0.05625 0.0734375
5 0.2671875 0.8484375 0.0671875 0.075
6 0.36484375 0.953125 0.06796875 0.0734375
6 0.471875 0.86171875 0.06953125 0.07890625
0 0.46875 0.18359375 0.0703125 0.075
4 0.365625 0.51171875 0.06328125 0.0765625
6 0.5421875 0.3875 0.0671875 0.08046875
6 0.646875 0.2796875 0.07578125 0.08203125
6 0.76015625 0.84140625 0.0625 0.08359375
1 0.76171875 0.51015625 0.0671875 0.07890625
0 0.92734375 0.065625 0.065625 0.078125
5 0.6328125 0.07109375 0.0703125 0.078125
3 0.553125 0.76015625 0.0671875 0.07890625