12 0.91171875 0.0578125 0.0765625 0.065625
14 0.47578125 0.16875 0.0765625 0.0671875
13 0.82109375 0.26015625 0.071875 0.065625
11 0.9328125 0.3421875 0.065625 0.0625
13 0.709375 0.3703125 0.075 0.071875
8 0.24921875 0.375 0.0765625 0.065625
14 0.484375 0.66015625 0.078125 0.065625
10 0.27265625 0.67265625 0.078125 0.065625
9 0.0484375 0.66328125 0.075 0.0671875
14 0.84609375 0.74375 0.08125 0.0703125
8 0.83828125 0.84765625 0.08125 0.065625
11 0.165625 0.8578125 0.071875 0.059375
9 0.7203125 0.9421875 0.078125 0.0625
14 0.48984375 0.94140625 0.0765625 0.065625
14 0.28984375 0.93984375 0.078125 0.0625
10 0.05859375 0.93359375 0.08125 0.065625
3 0.71171875 0.06796875 0.06875 0.065625
2 0.47421875 0.06484375 0.0734375 0.065625
2 0.24375 0.07890625 0.078125 0.059375
1 0.04765625 0.10625 0.0734375 0.05625
5 0.1515625 0.2671875 0.075 0.0671875
6 0.046875 0.36484375 0.0734375 0.06875
6 0.13828125 0.471875 0.078125 0.06875
0 0.81640625 0.46875 0.075 0.0703125
4 0.48828125 0.365625 0.0765625 0.0625
6 0.6125 0.5421875 0.08125 0.0671875
6 0.7203125 0.646875 0.08125 0.075
6 0.15859375 0.76015625 0.084375 0.0625
1 0.48984375 0.76171875 0.078125 0.0671875
0 0.934375 0.92734375 0.078125 0.065625
5 0.92890625 0.6328125 0.078125 0.0703125
3 0.23984375 0.553125 0.078125 0.0671875
