0 0.2765625 0.753125 0.065625 0.078125
0 0.74296875 0.50703125 0.065625 0.0796875
6 0.27265625 0.52421875 0.065625 0.078125
6 0.46875 0.28671875 0.065625 0.078125
6 0.75625 0.91328125 0.065625 0.075
2 0.75390625 0.7421875 0.065625 0.078125
5 0.56328125 0.278125 0.065625 0.078125
1 0.7484375 0.2765625 0.065625 0.0765625
2 0.928125 0.290625 0.0625 0.078125
4 0.26875 0.2921875 0.065625 0.078125
6 0.4609375 0.0765625 0.065625 0.0765625
3 0.653125 0.17109375 0.065625 0.078125
5 0.06875 0.30390625 0.0609375 0.075
3 0.58046875 0.95078125 0.065625 0.0734375
1 0.26171875 0.0703125 0.0640625 0.075
6 0.46484375 0.95625 0.065625 0.071875
14 0.4640625 0.52421875 0.065625 0.078125
14 0.075 0.52734375 0.0625 0.075
14 0.92421875 0.90078125 0.059375 0.0734375
12 0.08125 0.75859375 0.0625 0.075
11 0.090625 0.9546875 0.0640625 0.071875
9 0.92578125 0.7265625 0.0625 0.075
8 0.93828125 0.496875 0.059375 0.075
11 0.28125 0.9625 0.065625 0.06875
14 0.55703125 0.0671875 0.065625 0.078125
13 0.46953125 0.73984375 0.065625 0.0765625
10 0.66328125 0.85 0.0640625 0.075
14 0.92421875 0.06953125 0.0625 0.0734375
10 0.740625 0.0640625 0.065625 0.0765625
9 0.0640625 0.090625 0.0640625 0.075
13 0.57578125 0.7375 0.065625 0.0765625
8 0.56875 0.509375 0.06875 0.078125
