9 0.071875 0.090625 0.0625 0.065625
7 0.0734375 0.29921875 0.0609375 0.0734375
8 0.07421875 0.52578125 0.065625 0.0734375
13 0.0859375 0.73828125 0.0625 0.078125
13 0.47265625 0.521875 0.065625 0.08125
13 0.5671875 0.73046875 0.06875 0.078125
13 0.75859375 0.2734375 0.065625 0.078125
13 0.95078125 0.503125 0.0578125 0.078125
11 0.27890625 0.959375 0.059375 0.06875
7 0.46328125 0.28125 0.0671875 0.08125
12 0.5625 0.071875 0.071875 0.0734375
12 0.64921875 0.1625 0.075 0.08125
9 0.7546875 0.06484375 0.0671875 0.08125
10 0.92734375 0.071875 0.0609375 0.08125
10 0.94140625 0.928125 0.059375 0.078125
8 0.7453125 0.484375 0.065625 0.0734375
6 0.08359375 0.95546875 0.0625 0.071875
6 0.46953125 0.7375 0.065625 0.084375
6 0.4546875 0.046875 0.071875 0.084375
6 0.75390625 0.734375 0.065625 0.084375
6 0.853125 0.84296875 0.0625 0.078125
3 0.26953125 0.06875 0.0625 0.078125
3 0.26796875 0.28671875 0.0625 0.0734375
1 0.26953125 0.52578125 0.06875 0.0875
1 0.7546875 0.95 0.0609375 0.065625
4 0.47265625 0.95078125 0.0671875 0.08125
5 0.26796875 0.7453125 0.0671875 0.0765625
5 0.94921875 0.71328125 0.0609375 0.0765625
0 0.56640625 0.28046875 0.06875 0.084375
0 0.575 0.96328125 0.06875 0.0734375
2 0.575 0.515625 0.06875 0.078125
2 0.9359375 0.271875 0.0609375 0.08125