0 0.09140625 0.921875 0.078125 0.065625
6 0.28828125 0.734375 0.078125 0.065625
6 0.74765625 0.91640625 0.0765625 0.0640625
1 0.0671875 0.73515625 0.071875 0.0625
3 0.06328125 0.4453125 0.0765625 0.065625
6 0.515625 0.82578125 0.075 0.065625
6 0.27734375 0.4375 0.0796875 0.065625
5 0.27421875 0.5390625 0.078125 0.065625
2 0.74375 0.7109375 0.0765625 0.065625
4 0.52265625 0.715625 0.078125 0.065625
2 0.72578125 0.24765625 0.078125 0.065625
0 0.9609375 0.38984375 0.071875 0.065625
5 0.50234375 0.0546875 0.078125 0.0625
6 0.9515625 0.903125 0.071875 0.0625
1 0.73828125 0.43515625 0.0734375 0.0625
3 0.27890625 0.23671875 0.078125 0.065625
11 0.0703125 0.065625 0.075 0.0625
8 0.08359375 0.54296875 0.075 0.0640625
14 0.71953125 0.0609375 0.071875 0.059375
10 0.28671875 0.053125 0.075 0.0625
14 0.540625 0.928125 0.075 0.0625
13 0.07265625 0.26171875 0.075 0.0640625
12 0.2890625 0.91953125 0.0734375 0.0625
14 0.95703125 0.721875 0.06875 0.0640625
14 0.50546875 0.43046875 0.08125 0.06875
8 0.1640625 0.153125 0.0765625 0.0625
14 0.73828125 0.5234375 0.0765625 0.0671875
9 0.9234375 0.05546875 0.071875 0.059375
9 0.9546875 0.53046875 0.071875 0.065625
11 0.94296875 0.2359375 0.071875 0.0640625
10 0.49609375 0.24296875 0.078125 0.065625
13 0.51796875 0.5296875 0.08125 0.06875
