13 0.06328125 0.0890625 0.06484375 0.06953125
13 0.259375 0.06875 0.06796875 0.07109375
13 0.4515625 0.06796875 0.0671875 0.08046875
13 0.75703125 0.25859375 0.0765625 0.08359375
13 0.475 0.740625 0.071875 0.08359375
11 0.08046875 0.51328125 0.0703125 0.08203125
7 0.084375 0.75390625 0.06796875 0.08046875
7 0.27109375 0.96328125 0.07578125 0.0734375
12 0.2625 0.2921875 0.071875 0.08203125
12 0.465625 0.9546875 0.06484375 0.0734375
8 0.2703125 0.525 0.06328125 0.08359375
8 0.92734375 0.071875 0.05859375 0.08359375
9 0.275 0.75078125 0.0765625 0.0734375
9 0.575 0.7421875 0.06015625 0.0734375
10 0.76875 0.7296875 0.06015625 0.0765625
10 0.4671875 0.27734375 0.0703125 0.0734375
1 0.06796875 0.2953125 0.0671875 0.07890625
1 0.759375 0.515625 0.0625 0.078125
5 0.090625 0.953125 0.06796875 0.078125
5 0.4625 0.5171875 0.06796875 0.07890625
6 0.36484375 0.6296875 0.06953125 0.08203125
6 0.58125 0.934375 0.06796875 0.06640625
6 0.7625 0.940625 0.0671875 0.071875
6 0.9484375 0.7234375 0.0625 0.078125
6 0.559375 0.5078125 0.06484375 0.08203125
2 0.55546875 0.06328125 0.06484375 0.0734375
2 0.7453125 0.05390625 0.06328125 0.06953125
4 0.56875 0.26875 0.06484375 0.07890625
3 0.9390625 0.26484375 0.05859375 0.07890625
3 0.9359375 0.9328125 0.06484375 0.0734375
0 0.85390625 0.3890625 0.06328125 0.078125
0 0.9421875 0.503125 0.06015625 0.078125