13 0.9109375 0.06328125 0.06875 0.065625
13 0.93125 0.259375 0.071875 0.06875
13 0.93203125 0.4515625 0.08125 0.0671875
13 0.74140625 0.75703125 0.084375 0.0765625
13 0.259375 0.475 0.084375 0.071875
11 0.48671875 0.08046875 0.08125 0.0703125
7 0.24609375 0.084375 0.08125 0.06875
7 0.03671875 0.27109375 0.0734375 0.075
12 0.7078125 0.2625 0.08125 0.071875
12 0.0453125 0.465625 0.0734375 0.065625
8 0.475 0.2703125 0.084375 0.0625
8 0.928125 0.92734375 0.084375 0.059375
9 0.24921875 0.275 0.0734375 0.0765625
9 0.2578125 0.575 0.0734375 0.059375
10 0.2703125 0.76875 0.0765625 0.059375
10 0.72265625 0.4671875 0.0734375 0.0703125
1 0.7046875 0.06796875 0.078125 0.0671875
1 0.484375 0.759375 0.078125 0.0625
5 0.046875 0.090625 0.078125 0.06875
5 0.4828125 0.4625 0.078125 0.06875
6 0.3703125 0.36484375 0.08125 0.06875
6 0.065625 0.58125 0.065625 0.0671875
6 0.059375 0.7625 0.071875 0.0671875
6 0.2765625 0.9484375 0.078125 0.0625
6 0.4921875 0.559375 0.08125 0.065625
2 0.93671875 0.55546875 0.0734375 0.065625
2 0.94609375 0.7453125 0.06875 0.0625
4 0.73125 0.56875 0.078125 0.065625
3 0.73515625 0.9390625 0.078125 0.059375
3 0.0671875 0.9359375 0.0734375 0.065625
0 0.6109375 0.85390625 0.078125 0.0625
0 0.496875 0.9421875 0.078125 0.059375