4 0.9109375 0.0703125 0.071875 0.071875
3 0.684375 0.06875 0.078125 0.0703125
3 0.04609375 0.0859375 0.065625 0.0625
6 0.93359375 0.24453125 0.06875 0.0625
6 0.828125 0.35703125 0.0734375 0.065625
6 0.73359375 0.46484375 0.08125 0.059375
6 0.25859375 0.4640625 0.084375 0.0625
6 0.69609375 0.2625 0.071875 0.065625
1 0.4875 0.27109375 0.075 0.0609375
1 0.07890625 0.759375 0.075 0.06875
0 0.490625 0.46328125 0.078125 0.071875
0 0.040625 0.57734375 0.071875 0.0578125
5 0.13984375 0.37265625 0.071875 0.06875
5 0.49296875 0.753125 0.0859375 0.059375
2 0.26796875 0.7640625 0.078125 0.065625
2 0.71015625 0.93984375 0.078125 0.0578125
7 0.4828125 0.07109375 0.0765625 0.065625
7 0.93515625 0.56484375 0.0734375 0.06875
13 0.23984375 0.0953125 0.078125 0.065625
13 0.94765625 0.45703125 0.08125 0.0671875
13 0.48203125 0.56015625 0.0859375 0.0671875
13 0.26328125 0.94609375 0.078125 0.0609375
13 0.0703125 0.940625 0.0765625 0.065625
9 0.25703125 0.28125 0.084375 0.0625
9 0.046875 0.2828125 0.0734375 0.065625
10 0.0484375 0.47421875 0.06875 0.065625
10 0.7234375 0.5671875 0.078125 0.065625
11 0.27265625 0.5796875 0.0734375 0.065625
8 0.94140625 0.75078125 0.06875 0.065625
8 0.92109375 0.9265625 0.071875 0.0578125
12 0.71171875 0.74921875 0.0734375 0.059375
12 0.49921875 0.946875 0.078125 0.059375