4 0.0703125 0.0890625 0.071875 0.071875
3 0.06875 0.315625 0.0703125 0.07890625
3 0.0859375 0.95390625 0.0625 0.06640625
6 0.24453125 0.06640625 0.0625 0.06953125
6 0.35703125 0.171875 0.06484375 0.0734375
6 0.46484375 0.26640625 0.05859375 0.08046875
6 0.4640625 0.74140625 0.06328125 0.08359375
6 0.2625 0.30390625 0.06484375 0.071875
1 0.27109375 0.5125 0.0609375 0.075
1 0.759375 0.92109375 0.06796875 0.075
0 0.46328125 0.509375 0.071875 0.07890625
0 0.57734375 0.959375 0.05859375 0.071875
5 0.37265625 0.86015625 0.06796875 0.07109375
5 0.753125 0.50703125 0.06015625 0.0859375
2 0.7640625 0.73203125 0.06484375 0.078125
2 0.93984375 0.28984375 0.0578125 0.07890625
7 0.07109375 0.5171875 0.065625 0.0765625
7 0.56484375 0.06484375 0.06796875 0.0734375
13 0.0953125 0.76015625 0.065625 0.07890625
13 0.45703125 0.05234375 0.0671875 0.08203125
13 0.56015625 0.51796875 0.0671875 0.0859375
13 0.94609375 0.73671875 0.0609375 0.07890625
13 0.940625 0.9296875 0.065625 0.0765625
9 0.28125 0.74296875 0.0625 0.08359375
9 0.2828125 0.953125 0.06484375 0.0734375
10 0.47421875 0.9515625 0.06484375 0.06953125
10 0.5671875 0.2765625 0.065625 0.078125
11 0.5796875 0.72734375 0.06484375 0.0734375
8 0.75078125 0.05859375 0.06484375 0.06953125
8 0.9265625 0.07890625 0.0578125 0.071875
12 0.74921875 0.28828125 0.06015625 0.0734375
12 0.946875 0.50078125 0.06015625 0.07890625