0 0.46171875 0.74921875 0.0640625 0.07734375
3 0.26796875 0.76328125 0.06640625 0.07421875
2 0.090625 0.7609375 0.0625 0.07421875
6 0.85390625 0.84609375 0.06328125 0.07578125
6 0.45390625 0.29375 0.065625 0.07890625
6 0.93828125 0.2671875 0.0609375 0.075
6 0.93828125 0.91328125 0.06328125 0.07578125
0 0.08828125 0.95625 0.06328125 0.07265625
5 0.57734375 0.9546875 0.0640625 0.071875
4 0.56171875 0.2859375 0.0671875 0.0796875
2 0.75 0.94921875 0.06328125 0.0703125
1 0.290625 0.959375 0.06171875 0.06953125
5 0.2625 0.4078125 0.0671875 0.07890625
1 0.0671875 0.0921875 0.06328125 0.0765625
3 0.93125 0.06796875 0.0609375 0.075
8 0.93984375 0.5015625 0.0625 0.075
14 0.26171875 0.5359375 0.0640625 0.07421875
14 0.4390625 0.06015625 0.0640625 0.07265625
14 0.76875 0.496875 0.06484375 0.0765625
9 0.95390625 0.73359375 0.0609375 0.07421875
10 0.5640625 0.50390625 0.06640625 0.08125
14 0.753125 0.27890625 0.06328125 0.078125
14 0.27109375 0.0609375 0.06484375 0.0734375
13 0.08125 0.5265625 0.06484375 0.078125
10 0.26875 0.26875 0.06484375 0.0765625
8 0.56328125 0.0734375 0.0640625 0.07421875
11 0.075 0.28984375 0.0625 0.075
12 0.4609375 0.51484375 0.06484375 0.07890625
11 0.76640625 0.72421875 0.06328125 0.07578125
9 0.7515625 0.06953125 0.06484375 0.07578125
13 0.57421875 0.73984375 0.0640625 0.07578125
6 0.46171875 0.965625 0.0640625 0.06796875
