2 0.8515625 0.43671875 0.096875 0.08125
2 0.1515625 0.365625 0.0890625 0.075
9 0.06640625 0.83671875 0.09375 0.08125
9 0.8453125 0.7390625 0.0921875 0.0796875
5 0.2640625 0.265625 0.084375 0.0828125
5 0.0671875 0.08203125 0.0921875 0.08125
12 0.70859375 0.74296875 0.096875 0.075
12 0.25390625 0.5609375 0.0921875 0.0734375
3 0.48828125 0.34921875 0.090625 0.078125
3 0.9328125 0.340625 0.090625 0.08125
10 0.36953125 0.7359375 0.09375 0.08125
10 0.51953125 0.72734375 0.090625 0.071875
0 0.6265625 0.1453125 0.0921875 0.084375
0 0.3640625 0.1625 0.090625 0.08125
7 0.40390625 0.92578125 0.0953125 0.075
7 0.60625 0.92890625 0.090625 0.075
4 0.49453125 0.16328125 0.09375 0.08125
11 0.503125 0.84765625 0.096875 0.078125
1 0.36484375 0.0578125 0.0953125 0.08125
1 0.83671875 0.1328125 0.096875 0.08125
8 0.93125 0.89921875 0.096875 0.0796875
8 0.73671875 0.92109375 0.09375 0.08125
6 0.73046875 0.42890625 0.1 0.08125
6 0.609375 0.340625 0.096875 0.08125
6 0.384375 0.440625 0.103125 0.0875
6 0.7265625 0.22578125 0.109375 0.0875
6 0.0546875 0.45703125 0.10625 0.08125
13 0.8515625 0.54296875 0.103125 0.084375
13 0.0546875 0.56171875 0.0875 0.0796875
13 0.95234375 0.7203125 0.09375 0.0890625
13 0.3859375 0.55 0.103125 0.084375
13 0.6140625 0.54453125 0.096875 0.0875