2 0.89296875 0.08046875 0.071875 0.0703125
2 0.49609375 0.5671875 0.08125 0.06875
3 0.2625 0.07421875 0.075 0.0671875
3 0.08984375 0.7875 0.0734375 0.0625
1 0.04921875 0.09453125 0.071875 0.065625
1 0.71953125 0.934375 0.078125 0.059375
5 0.7125 0.25 0.078125 0.065625
5 0.2609375 0.7546875 0.071875 0.065625
4 0.04765625 0.26796875 0.065625 0.0625
6 0.71171875 0.35625 0.078125 0.0625
6 0.246875 0.46484375 0.08125 0.071875
6 0.25 0.58515625 0.084375 0.06875
6 0.05859375 0.58515625 0.075 0.071875
6 0.509375 0.9421875 0.078125 0.06875
0 0.35859375 0.3625 0.071875 0.06875
0 0.72421875 0.5625 0.078125 0.071875
13 0.69375 0.07578125 0.0734375 0.0625
13 0.478125 0.07578125 0.075 0.065625
13 0.7171875 0.4609375 0.0734375 0.065625
13 0.47890625 0.4625 0.071875 0.0625
13 0.7265625 0.7546875 0.075 0.059375
12 0.47578125 0.2765625 0.08125 0.06875
12 0.95078125 0.5640625 0.0765625 0.0625
11 0.9234375 0.2421875 0.084375 0.06875
10 0.93828125 0.453125 0.0734375 0.065625
10 0.0328125 0.4671875 0.065625 0.059375
7 0.259375 0.26953125 0.06875 0.0625
7 0.0875 0.93671875 0.08125 0.0625
8 0.26875 0.946875 0.078125 0.0578125
8 0.50703125 0.76640625 0.078125 0.071875
9 0.93828125 0.746875 0.065625 0.0609375
9 0.92578125 0.9265625 0.0765625 0.0671875