0 0.0734375 0.096875 0.0671875 0.07578125
1 0.93671875 0.27421875 0.06328125 0.0765625
5 0.07578125 0.28828125 0.06328125 0.0765625
6 0.55625 0.09296875 0.06328125 0.07578125
5 0.26015625 0.26953125 0.0640625 0.07578125
0 0.56875 0.5109375 0.065625 0.08046875
2 0.43359375 0.30390625 0.0671875 0.078125
2 0.7421875 0.05703125 0.0640625 0.0765625
6 0.93828125 0.71171875 0.0609375 0.07421875
6 0.459375 0.5328125 0.065625 0.0796875
3 0.46875 0.73203125 0.065625 0.07578125
1 0.26875 0.75546875 0.0640625 0.0734375
4 0.75859375 0.27421875 0.065625 0.07734375
6 0.94609375 0.9171875 0.06015625 0.07265625
6 0.94765625 0.48828125 0.06015625 0.07578125
3 0.60234375 0.9546875 0.06484375 0.07109375
13 0.26328125 0.0765625 0.0640625 0.07578125
13 0.440625 0.06484375 0.0640625 0.07421875
13 0.16875 0.50859375 0.06328125 0.0765625
12 0.07421875 0.525 0.0640625 0.07734375
7 0.07734375 0.73359375 0.0625 0.07578125
9 0.92578125 0.0703125 0.06171875 0.0734375
10 0.5640625 0.29453125 0.065625 0.0796875
13 0.09453125 0.9546875 0.06328125 0.07109375
8 0.7640625 0.50546875 0.065625 0.078125
12 0.35625 0.17109375 0.06640625 0.07578125
9 0.2828125 0.94375 0.06640625 0.07109375
7 0.56484375 0.734375 0.0640625 0.075
10 0.759375 0.73203125 0.06328125 0.07421875
8 0.4671875 0.9484375 0.06484375 0.07109375
13 0.76328125 0.9421875 0.0625 0.07109375
11 0.271875 0.5265625 0.06328125 0.0765625