11 0.06484375 0.0921875 0.071875 0.07109375
11 0.56953125 0.73515625 0.07421875 0.07890625
9 0.084375 0.7453125 0.0703125 0.0765625
9 0.46875 0.746875 0.065625 0.075
14 0.265625 0.51640625 0.06953125 0.075
14 0.278125 0.7546875 0.06953125 0.0765625
14 0.4703125 0.95078125 0.0703125 0.0765625
14 0.853125 0.41015625 0.05625 0.0765625
14 0.9390625 0.259375 0.0578125 0.0765625
10 0.55 0.2703125 0.0609375 0.059375
10 0.771875 0.9484375 0.05859375 0.0609375
8 0.5671875 0.0609375 0.06328125 0.06953125
8 0.93671875 0.703125 0.05859375 0.071875
13 0.66484375 0.853125 0.065625 0.06640625
13 0.9484375 0.9375 0.0625 0.075
12 0.92578125 0.071875 0.06328125 0.075
2 0.071875 0.29140625 0.0625 0.078125
2 0.27265625 0.95078125 0.06796875 0.06796875
1 0.0671875 0.521875 0.071875 0.07890625
1 0.74609375 0.059375 0.0671875 0.07890625
3 0.09140625 0.953125 0.06796875 0.06796875
3 0.74375 0.265625 0.0609375 0.075
0 0.26484375 0.06875 0.065625 0.07890625
0 0.57890625 0.96328125 0.0578125 0.0734375
6 0.27265625 0.2859375 0.0609375 0.078125
6 0.465625 0.2796875 0.06953125 0.07109375
6 0.43984375 0.05546875 0.0703125 0.075
6 0.55625 0.509375 0.06328125 0.08359375
6 0.76953125 0.7375 0.05859375 0.06953125
5 0.75546875 0.5234375 0.06015625 0.06953125
5 0.9453125 0.496875 0.05859375 0.07109375
4 0.4671875 0.515625 0.06953125 0.078125
