10 0.0921875 0.93515625 0.071875 0.071875
10 0.73515625 0.43046875 0.078125 0.075
8 0.7453125 0.915625 0.0765625 0.0703125
8 0.746875 0.53125 0.075 0.065625
13 0.51640625 0.734375 0.075 0.06875
13 0.7546875 0.721875 0.0765625 0.06875
13 0.95078125 0.5296875 0.0765625 0.0703125
13 0.41015625 0.146875 0.0765625 0.05625
13 0.259375 0.0609375 0.0765625 0.0578125
9 0.2703125 0.45 0.059375 0.0609375
9 0.9484375 0.228125 0.0609375 0.059375
7 0.0609375 0.4328125 0.06875 0.0625
7 0.703125 0.06328125 0.071875 0.059375
12 0.853125 0.33515625 0.065625 0.065625
12 0.9375 0.0515625 0.075 0.0625
11 0.071875 0.07421875 0.075 0.0625
2 0.29140625 0.928125 0.078125 0.0625
2 0.95078125 0.72734375 0.06875 0.06875
1 0.521875 0.9328125 0.078125 0.071875
1 0.059375 0.25390625 0.078125 0.0671875
3 0.953125 0.90859375 0.06875 0.06875
3 0.265625 0.25625 0.075 0.0609375
0 0.06875 0.73515625 0.078125 0.065625
0 0.96328125 0.42109375 0.0734375 0.0578125
6 0.2859375 0.72734375 0.078125 0.0609375
6 0.2796875 0.534375 0.071875 0.06875
6 0.05546875 0.56015625 0.075 0.0703125
6 0.509375 0.44375 0.084375 0.0625
6 0.7375 0.23046875 0.06875 0.059375
5 0.5234375 0.24453125 0.06875 0.059375
5 0.496875 0.0546875 0.071875 0.059375
4 0.515625 0.5328125 0.078125 0.06875