11 0.9078125 0.06484375 0.071875 0.071875
11 0.26484375 0.56953125 0.078125 0.075
9 0.2546875 0.084375 0.0765625 0.0703125
9 0.253125 0.46875 0.075 0.065625
14 0.48359375 0.265625 0.075 0.06875
14 0.2453125 0.278125 0.0765625 0.06875
14 0.04921875 0.4703125 0.0765625 0.0703125
14 0.58984375 0.853125 0.0765625 0.05625
14 0.740625 0.9390625 0.0765625 0.0578125
10 0.7296875 0.55 0.059375 0.0609375
10 0.0515625 0.771875 0.0609375 0.059375
8 0.9390625 0.5671875 0.06875 0.0625
8 0.296875 0.93671875 0.071875 0.059375
13 0.146875 0.66484375 0.065625 0.065625
13 0.0625 0.9484375 0.075 0.0625
12 0.928125 0.92578125 0.075 0.0625
2 0.70859375 0.071875 0.078125 0.0625
2 0.04921875 0.27265625 0.06875 0.06875
1 0.478125 0.0671875 0.078125 0.071875
1 0.940625 0.74609375 0.078125 0.0671875
3 0.046875 0.09140625 0.06875 0.06875
3 0.734375 0.74375 0.075 0.0609375
0 0.93125 0.26484375 0.078125 0.065625
0 0.03671875 0.57890625 0.0734375 0.0578125
6 0.7140625 0.27265625 0.078125 0.0609375
6 0.7203125 0.465625 0.071875 0.06875
6 0.94453125 0.43984375 0.075 0.0703125
6 0.490625 0.55625 0.084375 0.0625
6 0.2625 0.76953125 0.06875 0.059375
5 0.4765625 0.75546875 0.06875 0.059375
5 0.503125 0.9453125 0.071875 0.059375
4 0.484375 0.4671875 0.078125 0.06875
