0 0.07265625 0.5390625 0.0640625 0.084375
6 0.7453125 0.2859375 0.065625 0.0765625
6 0.46484375 0.75078125 0.065625 0.0765625
6 0.74765625 0.4953125 0.065625 0.078125
2 0.940625 0.49921875 0.06015625 0.0765625
5 0.08359375 0.746875 0.06328125 0.07578125
0 0.5734375 0.740625 0.0640625 0.07734375
6 0.6734375 0.8640625 0.065625 0.075
2 0.0734375 0.30078125 0.06328125 0.07734375
6 0.74609375 0.06328125 0.06484375 0.07734375
1 0.946875 0.73046875 0.0578125 0.07421875
3 0.57578125 0.26484375 0.06640625 0.07890625
4 0.2671875 0.96015625 0.06484375 0.07109375
3 0.940625 0.92109375 0.06015625 0.07109375
1 0.9265625 0.06796875 0.06015625 0.07265625
14 0.45703125 0.3 0.06640625 0.0765625
5 0.56015625 0.05234375 0.06640625 0.0796875
11 0.93515625 0.2765625 0.06171875 0.07578125
8 0.25234375 0.29453125 0.06640625 0.07890625
9 0.46015625 0.5078125 0.06640625 0.0796875
10 0.5765625 0.9421875 0.0640625 0.07265625
14 0.575 0.51484375 0.065625 0.07890625
14 0.26953125 0.52578125 0.065625 0.07890625
14 0.46484375 0.95859375 0.065625 0.06875
14 0.84375 0.1703125 0.0625 0.075
11 0.26796875 0.746875 0.06484375 0.07578125
8 0.759375 0.72265625 0.06328125 0.0734375
10 0.0859375 0.95703125 0.0640625 0.07265625
12 0.7578125 0.95 0.065625 0.071875
13 0.26015625 0.07578125 0.06484375 0.07421875
9 0.4453125 0.053125 0.065625 0.07578125
13 0.084375 0.09140625 0.0625 0.075
