0 0.94140625 0.50390625 0.06015625 0.075
0 0.46875 0.95 0.06484375 0.071875
6 0.9359375 0.27734375 0.0609375 0.07734375
1 0.07421875 0.51875 0.0625 0.07734375
6 0.26640625 0.753125 0.06640625 0.0765625
6 0.278125 0.96015625 0.065625 0.0703125
1 0.0828125 0.74609375 0.06328125 0.075
2 0.57890625 0.95 0.065625 0.0734375
6 0.0671875 0.2984375 0.0640625 0.07890625
6 0.25546875 0.0609375 0.06484375 0.075
3 0.93984375 0.921875 0.06015625 0.07109375
5 0.759375 0.50859375 0.065625 0.07890625
2 0.44609375 0.06953125 0.06640625 0.07734375
4 0.64375 0.1578125 0.065625 0.0765625
3 0.56015625 0.49921875 0.0671875 0.08046875
5 0.065625 0.09140625 0.06328125 0.0765625
10 0.94375 0.71953125 0.0625 0.075
11 0.253125 0.51875 0.0640625 0.07578125
7 0.56953125 0.7421875 0.065625 0.07578125
12 0.4625 0.72578125 0.06640625 0.07734375
10 0.565625 0.26484375 0.0640625 0.07734375
13 0.46171875 0.28046875 0.06640625 0.07734375
8 0.46796875 0.50546875 0.06640625 0.07890625
13 0.7625 0.946875 0.0609375 0.071875
13 0.92265625 0.06953125 0.0609375 0.07421875
7 0.25859375 0.29609375 0.06484375 0.078125
13 0.74921875 0.05625 0.06328125 0.07578125
12 0.09609375 0.95234375 0.06328125 0.071875
8 0.55703125 0.05546875 0.065625 0.07734375
9 0.75859375 0.734375 0.06484375 0.078125
9 0.75078125 0.26640625 0.06484375 0.0765625
13 0.85234375 0.84765625 0.0625 0.0734375