0 0.50390625 0.05859375 0.075 0.059375
0 0.95 0.53125 0.071875 0.065625
6 0.27734375 0.0640625 0.078125 0.0609375
1 0.51875 0.92578125 0.078125 0.0625
6 0.753125 0.73359375 0.0765625 0.065625
6 0.96015625 0.721875 0.0703125 0.065625
1 0.74609375 0.9171875 0.075 0.0640625
2 0.95 0.42109375 0.0734375 0.065625
6 0.2984375 0.9328125 0.078125 0.0640625
6 0.0609375 0.74453125 0.075 0.065625
3 0.921875 0.06015625 0.071875 0.059375
5 0.50859375 0.240625 0.078125 0.065625
2 0.06953125 0.55390625 0.078125 0.065625
4 0.1578125 0.35625 0.0765625 0.065625
3 0.49921875 0.43984375 0.08125 0.0671875
5 0.09140625 0.934375 0.0765625 0.0625
11 0.71953125 0.05625 0.075 0.0625
12 0.51875 0.746875 0.075 0.0640625
8 0.7421875 0.43046875 0.075 0.065625
13 0.72578125 0.5375 0.078125 0.065625
11 0.26484375 0.434375 0.078125 0.0640625
14 0.28046875 0.53828125 0.078125 0.065625
9 0.50546875 0.53203125 0.078125 0.065625
14 0.946875 0.2375 0.071875 0.0609375
14 0.06953125 0.07734375 0.075 0.0609375
8 0.29609375 0.74140625 0.078125 0.065625
14 0.05625 0.25078125 0.075 0.0625
13 0.95234375 0.90390625 0.071875 0.0625
9 0.05546875 0.44296875 0.078125 0.065625
10 0.734375 0.24140625 0.078125 0.065625
10 0.26640625 0.24921875 0.0765625 0.065625
14 0.84765625 0.14765625 0.0734375 0.0625
