9 0.09296875 0.92265625 0.075 0.06875
9 0.16328125 0.1578125 0.078125 0.0609375
11 0.29140625 0.9234375 0.071875 0.065625
11 0.853125 0.3375 0.0765625 0.06875
12 0.515625 0.9203125 0.075 0.0625
14 0.74921875 0.91796875 0.06875 0.059375
14 0.28203125 0.74296875 0.071875 0.075
14 0.275 0.42421875 0.075 0.0671875
14 0.72421875 0.05703125 0.0734375 0.053125
14 0.7484375 0.42890625 0.078125 0.065625
13 0.0625 0.54296875 0.065625 0.06875
13 0.4921875 0.05390625 0.078125 0.0578125
10 0.284375 0.5484375 0.075 0.071875
10 0.946875 0.42421875 0.065625 0.06875
8 0.27578125 0.0625 0.0765625 0.065625
8 0.93125 0.05234375 0.0765625 0.05625
6 0.953125 0.909375 0.0734375 0.0625
6 0.5203125 0.73671875 0.084375 0.0625
6 0.071875 0.07578125 0.078125 0.0578125
6 0.91953125 0.22578125 0.06875 0.05625
6 0.95703125 0.528125 0.0640625 0.06875
0 0.76015625 0.725 0.071875 0.0625
0 0.2625 0.25234375 0.078125 0.0625
5 0.965625 0.721875 0.0609375 0.071875
5 0.503125 0.2390625 0.084375 0.06875
2 0.51640625 0.53046875 0.084375 0.06875
2 0.07109375 0.74296875 0.075 0.071875
4 0.065625 0.4453125 0.0734375 0.065625
3 0.503125 0.43203125 0.084375 0.0625
3 0.06328125 0.25625 0.0765625 0.065625
1 0.75546875 0.5328125 0.08125 0.0625
1 0.7390625 0.23828125 0.078125 0.071875
