8 0.07734375 0.09296875 0.06796875 0.075
8 0.8421875 0.16328125 0.0609375 0.07890625
10 0.0765625 0.29140625 0.06484375 0.071875
10 0.6625 0.853125 0.06953125 0.0765625
11 0.0796875 0.515625 0.06328125 0.075
13 0.08203125 0.74921875 0.05859375 0.06796875
13 0.25703125 0.28203125 0.07421875 0.071875
13 0.57578125 0.275 0.0671875 0.075
13 0.94296875 0.72421875 0.05390625 0.0734375
13 0.57109375 0.7484375 0.06484375 0.078125
12 0.45703125 0.0625 0.06796875 0.06640625
12 0.94609375 0.4921875 0.0578125 0.07890625
9 0.4515625 0.284375 0.071875 0.075
9 0.57578125 0.946875 0.06953125 0.06640625
7 0.9375 0.27578125 0.06484375 0.0765625
7 0.94765625 0.93125 0.05625 0.0765625
6 0.090625 0.953125 0.0625 0.0734375
6 0.26328125 0.5203125 0.0625 0.084375
6 0.92421875 0.071875 0.0578125 0.07890625
6 0.77421875 0.91953125 0.05625 0.06953125
6 0.471875 0.95703125 0.06953125 0.0640625
0 0.275 0.76015625 0.06328125 0.07109375
0 0.74765625 0.2625 0.06328125 0.078125
5 0.278125 0.965625 0.071875 0.0609375
5 0.7609375 0.503125 0.06796875 0.084375
2 0.46953125 0.51640625 0.06953125 0.08359375
2 0.25703125 0.07109375 0.07265625 0.075
4 0.5546875 0.065625 0.065625 0.0734375
3 0.56796875 0.503125 0.06328125 0.084375
3 0.74375 0.06328125 0.06484375 0.0765625
1 0.4671875 0.75546875 0.0625 0.08046875
1 0.76171875 0.7390625 0.071875 0.078125