0 0.2671875 0.74609375 0.065625 0.078125
6 0.4625 0.72734375 0.06875 0.07890625
6 0.56171875 0.5078125 0.0671875 0.08125
6 0.2578125 0.30390625 0.06484375 0.07734375
5 0.28671875 0.9546875 0.06328125 0.07109375
6 0.85703125 0.84921875 0.06484375 0.07578125
1 0.7484375 0.396875 0.0640625 0.0765625
0 0.59296875 0.96328125 0.0609375 0.065625
4 0.47421875 0.95546875 0.065625 0.071875
1 0.66796875 0.62265625 0.0625 0.075
2 0.934375 0.2703125 0.0609375 0.07578125
6 0.084375 0.07109375 0.0625 0.075
3 0.078125 0.296875 0.06171875 0.07734375
2 0.4375 0.06640625 0.0640625 0.07578125
3 0.271875 0.5296875 0.065625 0.078125
5 0.75078125 0.259375 0.06640625 0.07890625
13 0.084375 0.75703125 0.06171875 0.07421875
13 0.9421875 0.92890625 0.06015625 0.071875
13 0.44609375 0.5140625 0.065625 0.078125
7 0.76875 0.93046875 0.06328125 0.071875
10 0.76328125 0.72578125 0.0640625 0.0765625
10 0.09921875 0.95234375 0.0640625 0.071875
13 0.45 0.28046875 0.06484375 0.07734375
13 0.07421875 0.52578125 0.0625 0.07734375
9 0.92578125 0.48828125 0.0625 0.07734375
8 0.5578125 0.28359375 0.06484375 0.078125
8 0.95 0.7359375 0.0625 0.07421875
12 0.575 0.74921875 0.06484375 0.0765625
7 0.5515625 0.0546875 0.065625 0.07734375
9 0.7296875 0.06015625 0.0640625 0.075
11 0.93125 0.06953125 0.0609375 0.07421875
12 0.25625 0.0640625 0.0640625 0.075