0 0.74609375 0.7328125 0.078125 0.065625
6 0.72734375 0.5375 0.078125 0.06875
6 0.5078125 0.43828125 0.08125 0.0671875
6 0.30390625 0.7421875 0.078125 0.065625
5 0.9546875 0.71328125 0.071875 0.0625
6 0.84921875 0.14296875 0.075 0.065625
1 0.396875 0.2515625 0.0765625 0.0640625
0 0.96328125 0.40703125 0.065625 0.0609375
4 0.95546875 0.52578125 0.071875 0.065625
1 0.62265625 0.33203125 0.075 0.0625
2 0.2703125 0.065625 0.075 0.0609375
6 0.07109375 0.915625 0.075 0.0625
3 0.296875 0.921875 0.078125 0.0625
2 0.06640625 0.5625 0.075 0.0640625
3 0.5296875 0.728125 0.078125 0.065625
5 0.259375 0.24921875 0.078125 0.065625
14 0.75703125 0.915625 0.075 0.0625
14 0.92890625 0.0578125 0.071875 0.059375
14 0.5140625 0.55390625 0.078125 0.065625
8 0.93046875 0.23125 0.071875 0.0625
11 0.72578125 0.23671875 0.0765625 0.0640625
11 0.95234375 0.90078125 0.071875 0.0640625
14 0.28046875 0.55 0.078125 0.065625
14 0.52578125 0.92578125 0.078125 0.0625
10 0.48828125 0.07421875 0.078125 0.0625
9 0.28359375 0.4421875 0.078125 0.065625
9 0.7359375 0.05 0.075 0.0625
13 0.74921875 0.425 0.0765625 0.065625
8 0.0546875 0.4484375 0.078125 0.065625
10 0.06015625 0.2703125 0.075 0.0640625
12 0.06953125 0.06875 0.075 0.0609375
13 0.0640625 0.74375 0.075 0.0640625
