0 0.06875 0.30703125 0.06328125 0.07890625
6 0.25546875 0.29375 0.0640625 0.07734375
0 0.7328125 0.06484375 0.0640625 0.07578125
2 0.5703125 0.29375 0.06640625 0.07890625
6 0.28125 0.95859375 0.0640625 0.0703125
6 0.571875 0.75234375 0.0640625 0.0765625
5 0.46015625 0.28984375 0.065625 0.07734375
6 0.5515625 0.05 0.065625 0.0765625
1 0.946875 0.51640625 0.0609375 0.075
3 0.76328125 0.2640625 0.0640625 0.07734375
2 0.07578125 0.0921875 0.0625 0.075
6 0.76796875 0.95546875 0.06328125 0.071875
3 0.665625 0.83984375 0.06484375 0.07578125
1 0.46640625 0.9546875 0.0640625 0.06875
4 0.575 0.515625 0.065625 0.08046875
5 0.76640625 0.73984375 0.065625 0.078125
8 0.06953125 0.53984375 0.0625 0.07734375
14 0.26328125 0.5109375 0.065625 0.078125
14 0.0859375 0.74921875 0.0640625 0.07578125
11 0.46796875 0.50625 0.065625 0.078125
14 0.26171875 0.06796875 0.06328125 0.07265625
9 0.9421875 0.27734375 0.0609375 0.07578125
14 0.0828125 0.95859375 0.06171875 0.0703125
14 0.58359375 0.95703125 0.06328125 0.06953125
10 0.94609375 0.9296875 0.059375 0.07109375
13 0.46171875 0.7484375 0.06640625 0.0765625
8 0.27421875 0.753125 0.06484375 0.075
13 0.4453125 0.0734375 0.065625 0.07421875
9 0.859375 0.8265625 0.0640625 0.07421875
10 0.94765625 0.70859375 0.0625 0.07578125
11 0.7546875 0.52109375 0.065625 0.07890625
12 0.93359375 0.071875 0.06015625 0.07421875
