0 0.42890625 0.05390625 0.06796875 0.07734375
6 0.26484375 0.05859375 0.065625 0.07578125
2 0.55859375 0.05703125 0.06640625 0.07734375
1 0.4546875 0.278125 0.065625 0.078125
6 0.07421875 0.27578125 0.0640625 0.07890625
3 0.26953125 0.27890625 0.065625 0.07890625
6 0.45078125 0.5109375 0.06875 0.08125
6 0.0828125 0.7453125 0.06171875 0.075
2 0.92421875 0.06953125 0.0609375 0.075
4 0.06484375 0.5328125 0.06328125 0.078125
0 0.7546875 0.25546875 0.06484375 0.078125
5 0.5671875 0.52734375 0.0671875 0.0796875
1 0.94140625 0.928125 0.05859375 0.071875
6 0.27734375 0.9625 0.065625 0.07109375
3 0.76484375 0.7546875 0.0640625 0.07421875
5 0.759375 0.39296875 0.065625 0.0796875
10 0.08046875 0.09453125 0.06171875 0.07578125
8 0.74296875 0.0515625 0.06484375 0.075
9 0.1671875 0.52578125 0.065625 0.07734375
9 0.27109375 0.52578125 0.0671875 0.078125
11 0.93515625 0.26015625 0.06171875 0.07578125
8 0.46875 0.725 0.06484375 0.07578125
14 0.565625 0.278125 0.06484375 0.078125
14 0.578125 0.953125 0.06484375 0.07109375
14 0.76640625 0.94375 0.06171875 0.06953125
14 0.57421875 0.76171875 0.06484375 0.07578125
14 0.2484375 0.759375 0.0640625 0.075
13 0.94765625 0.715625 0.06015625 0.0734375
10 0.0859375 0.96015625 0.06328125 0.06953125
13 0.76328125 0.52421875 0.065625 0.078125
11 0.46640625 0.96015625 0.06171875 0.07265625
12 0.9421875 0.509375 0.05859375 0.07890625
