4 0.34921875 0.27421875 0.08359375 0.1015625
6 0.0578125 0.08203125 0.07890625 0.09609375
6 0.25 0.62421875 0.08046875 0.0921875
6 0.16015625 0.73671875 0.08125 0.09921875
6 0.34453125 0.50078125 0.090625 0.1078125
6 0.42890625 0.06640625 0.08203125 0.1015625
3 0.14375 0.4984375 0.08046875 0.09609375
3 0.45625 0.840625 0.084375 0.0890625
2 0.44765625 0.3859375 0.0875 0.09140625
2 0.0890625 0.9390625 0.0765625 0.090625
5 0.0625 0.40390625 0.08125 0.09375
5 0.2671875 0.95078125 0.0796875 0.0953125
1 0.2359375 0.071875 0.07890625 0.08984375
1 0.23828125 0.27109375 0.07265625 0.09140625
0 0.45078125 0.61875 0.08203125 0.09765625
0 0.346875 0.73203125 0.08125 0.0875
10 0.5546875 0.05 0.07421875 0.0828125
10 0.9359375 0.82265625 0.06875 0.08125
13 0.7265625 0.03984375 0.06796875 0.07578125
13 0.84140625 0.27265625 0.0734375 0.078125
13 0.553125 0.490625 0.0734375 0.0875
13 0.74453125 0.8390625 0.07734375 0.09765625
13 0.93046875 0.71328125 0.06953125 0.0796875
11 0.903125 0.065625 0.06484375 0.08359375
8 0.6375 0.27421875 0.07578125 0.090625
8 0.7421875 0.60546875 0.0765625 0.0921875
9 0.92109375 0.3796875 0.07109375 0.08828125
9 0.925 0.49765625 0.07109375 0.08828125
7 0.74296875 0.38671875 0.07109375 0.08671875
7 0.5515625 0.746875 0.07890625 0.08671875
12 0.65078125 0.94296875 0.07734375 0.0890625
12 0.93203125 0.93046875 0.06953125 0.084375