7 0.09296875 0.925 0.08125 0.0609375
7 0.06328125 0.7296875 0.0625 0.0625
9 0.28671875 0.93984375 0.06875 0.0609375
9 0.278125 0.55078125 0.075 0.06875
10 0.9546875 0.90078125 0.071875 0.0578125
10 0.4890625 0.053125 0.075 0.053125
13 0.5140625 0.73125 0.075 0.0625
13 0.0671875 0.2546875 0.078125 0.0625
13 0.06953125 0.08125 0.08125 0.0625
13 0.2765625 0.06875 0.075 0.0609375
13 0.3953125 0.140625 0.0765625 0.059375
8 0.515625 0.23359375 0.071875 0.071875
8 0.721875 0.05625 0.078125 0.059375
12 0.76015625 0.73359375 0.0765625 0.0703125
12 0.07578125 0.44140625 0.0765625 0.065625
11 0.628125 0.634375 0.08125 0.0609375
6 0.521875 0.9171875 0.0734375 0.0625
6 0.765625 0.91953125 0.071875 0.0625
6 0.9296875 0.05 0.065625 0.0609375
6 0.53359375 0.5328125 0.071875 0.0625
6 0.940625 0.43125 0.08125 0.0671875
4 0.28359375 0.72890625 0.0765625 0.06875
3 0.96171875 0.72734375 0.0734375 0.0625
3 0.2859375 0.24921875 0.078125 0.0625
5 0.2796875 0.45078125 0.078125 0.075
5 0.74609375 0.53359375 0.084375 0.059375
1 0.940625 0.53515625 0.075 0.0671875
1 0.5109375 0.4390625 0.0890625 0.06875
2 0.08984375 0.55625 0.08125 0.06875
2 0.928125 0.225 0.075 0.059375
0 0.74375 0.2296875 0.06875 0.0625
0 0.72734375 0.42890625 0.084375 0.075