0 0.7640625 0.73828125 0.0625 0.07578125
0 0.465625 0.953125 0.06484375 0.07265625
6 0.84765625 0.16328125 0.06328125 0.0765625
2 0.571875 0.753125 0.0671875 0.07890625
2 0.47578125 0.71796875 0.06875 0.0796875
3 0.26640625 0.7453125 0.06484375 0.07421875
6 0.08828125 0.30859375 0.06484375 0.07890625
1 0.45546875 0.2828125 0.06484375 0.075
5 0.06875 0.74140625 0.06328125 0.07578125
4 0.259375 0.29609375 0.06484375 0.078125
6 0.75078125 0.0671875 0.0640625 0.0765625
1 0.921875 0.0703125 0.0609375 0.07421875
6 0.07265625 0.08515625 0.0640625 0.078125
6 0.9359375 0.2703125 0.0625 0.0765625
5 0.95 0.721875 0.0609375 0.075
3 0.56171875 0.26953125 0.0671875 0.07890625
7 0.7703125 0.92265625 0.06328125 0.0734375
13 0.27890625 0.9640625 0.06328125 0.06640625
10 0.8625 0.8359375 0.0625 0.07421875
13 0.75078125 0.50703125 0.06328125 0.07734375
11 0.26328125 0.51796875 0.0640625 0.07578125
13 0.07578125 0.53671875 0.06484375 0.0765625
7 0.94609375 0.921875 0.059375 0.07109375
10 0.5515625 0.06640625 0.06484375 0.07578125
12 0.92578125 0.49921875 0.0640625 0.07734375
8 0.090625 0.9578125 0.06328125 0.0703125
13 0.56875 0.5109375 0.06484375 0.0765625
9 0.4421875 0.07421875 0.06484375 0.07421875
9 0.46640625 0.509375 0.06796875 0.0796875
12 0.265625 0.07109375 0.06640625 0.07578125
8 0.76015625 0.27578125 0.0640625 0.0765625
13 0.57890625 0.93515625 0.06015625 0.0765625