10 0.07578125 0.090625 0.0625 0.06796875
10 0.77265625 0.73984375 0.06484375 0.0765625
9 0.0875 0.31328125 0.0671875 0.0765625
9 0.5796875 0.959375 0.071875 0.078125
7 0.08359375 0.52578125 0.065625 0.07109375
7 0.246875 0.07421875 0.0609375 0.07890625
12 0.09296875 0.7421875 0.06796875 0.0734375
12 0.84140625 0.490625 0.06484375 0.07890625
13 0.0953125 0.959375 0.06796875 0.07109375
13 0.46015625 0.296875 0.0703125 0.07890625
13 0.56171875 0.28828125 0.0765625 0.084375
13 0.9421875 0.259375 0.06484375 0.07890625
13 0.92578125 0.0796875 0.06484375 0.084375
11 0.2859375 0.74765625 0.06796875 0.0734375
8 0.36875 0.62890625 0.06953125 0.08046875
8 0.75703125 0.27265625 0.06796875 0.08203125
2 0.25859375 0.3015625 0.0625 0.06953125
2 0.74765625 0.0828125 0.06328125 0.07109375
6 0.2671875 0.509375 0.06953125 0.071875
6 0.48359375 0.74453125 0.0671875 0.075
6 0.58359375 0.740625 0.06328125 0.078125
6 0.9484375 0.72890625 0.06484375 0.08359375
6 0.95078125 0.92578125 0.05546875 0.0734375
5 0.28125 0.953125 0.0625 0.065625
5 0.465625 0.5125 0.0671875 0.078125
0 0.4546875 0.084375 0.071875 0.075
0 0.57265625 0.52265625 0.0671875 0.084375
4 0.5734375 0.0546875 0.07421875 0.08203125
1 0.6734375 0.503125 0.065625 0.08359375
1 0.484375 0.9609375 0.07578125 0.078125
3 0.78359375 0.946875 0.0609375 0.07890625
3 0.95546875 0.4875 0.071875 0.075