10 0.090625 0.92421875 0.06875 0.0625
10 0.73984375 0.22734375 0.0765625 0.065625
9 0.31328125 0.9125 0.0765625 0.0671875
9 0.959375 0.4203125 0.078125 0.071875
7 0.52578125 0.91640625 0.071875 0.065625
7 0.07421875 0.753125 0.078125 0.0609375
12 0.7421875 0.90703125 0.0734375 0.06875
12 0.490625 0.15859375 0.078125 0.065625
13 0.959375 0.9046875 0.071875 0.06875
13 0.296875 0.53984375 0.078125 0.0703125
13 0.28828125 0.43828125 0.084375 0.0765625
13 0.259375 0.0578125 0.078125 0.065625
13 0.0796875 0.07421875 0.084375 0.065625
11 0.74765625 0.7140625 0.0734375 0.06875
8 0.62890625 0.63125 0.08125 0.06875
8 0.27265625 0.24296875 0.08125 0.06875
2 0.3015625 0.74140625 0.06875 0.0625
2 0.0828125 0.25234375 0.071875 0.0625
6 0.509375 0.7328125 0.071875 0.06875
6 0.74453125 0.51640625 0.075 0.0671875
6 0.740625 0.41640625 0.078125 0.0625
6 0.72890625 0.0515625 0.084375 0.065625
6 0.92578125 0.04921875 0.0734375 0.05625
5 0.953125 0.71875 0.065625 0.0625
5 0.5125 0.534375 0.078125 0.0671875
0 0.084375 0.5453125 0.075 0.071875
0 0.52265625 0.42734375 0.084375 0.0671875
4 0.0546875 0.4265625 0.08125 0.075
1 0.503125 0.3265625 0.084375 0.065625
1 0.9609375 0.515625 0.078125 0.075
3 0.946875 0.21640625 0.078125 0.0609375
3 0.4875 0.04453125 0.075 0.071875