0 0.4703125 0.5 0.06640625 0.0828125
0 0.07890625 0.42109375 0.0625 0.0765625
5 0.94609375 0.725 0.0609375 0.07578125
1 0.47265625 0.9609375 0.065625 0.06796875
6 0.95234375 0.49296875 0.06171875 0.0765625
3 0.57578125 0.71796875 0.06640625 0.07734375
6 0.7546875 0.2796875 0.06484375 0.078125
6 0.084375 0.0921875 0.0625 0.075
6 0.2859375 0.959375 0.06328125 0.06875
3 0.46875 0.75703125 0.06640625 0.078125
2 0.94453125 0.92578125 0.06015625 0.0734375
4 0.759375 0.7203125 0.06484375 0.078125
1 0.28671875 0.84765625 0.0671875 0.0734375
2 0.85703125 0.8515625 0.06328125 0.075
14 0.56953125 0.5078125 0.065625 0.0796875
14 0.46015625 0.2765625 0.06484375 0.0765625
11 0.26640625 0.40078125 0.065625 0.07578125
14 0.75703125 0.50703125 0.06484375 0.07890625
9 0.26953125 0.6421875 0.065625 0.07578125
8 0.353125 0.28828125 0.0671875 0.0765625
14 0.5578125 0.28046875 0.065625 0.078125
10 0.5734375 0.9546875 0.06171875 0.071875
13 0.665625 0.38671875 0.0671875 0.0796875
5 0.55390625 0.06171875 0.0640625 0.07578125
8 0.934375 0.2796875 0.06171875 0.07578125
14 0.7609375 0.96015625 0.06328125 0.06796875
9 0.26875 0.07109375 0.06484375 0.0734375
11 0.4515625 0.06484375 0.06484375 0.07578125
12 0.096875 0.94921875 0.0625 0.07109375
10 0.934375 0.06875 0.0609375 0.0734375
13 0.746875 0.05546875 0.06484375 0.0765625
6 0.10234375 0.64609375 0.0625 0.078125
