0 0.5 0.4703125 0.0828125 0.065625
0 0.57890625 0.07890625 0.0765625 0.0625
5 0.275 0.94609375 0.075 0.0609375
1 0.0390625 0.47265625 0.06875 0.065625
6 0.50703125 0.95234375 0.0765625 0.0625
3 0.28203125 0.57578125 0.078125 0.065625
6 0.7203125 0.7546875 0.078125 0.065625
6 0.9078125 0.084375 0.075 0.0625
6 0.040625 0.2859375 0.06875 0.0625
3 0.24296875 0.46875 0.078125 0.065625
2 0.07421875 0.94453125 0.0734375 0.0609375
4 0.2796875 0.759375 0.078125 0.065625
1 0.15234375 0.28671875 0.0734375 0.0671875
2 0.1484375 0.85703125 0.075 0.0625
14 0.4921875 0.56953125 0.0796875 0.065625
14 0.7234375 0.46015625 0.0765625 0.065625
11 0.59921875 0.26640625 0.075 0.065625
14 0.49296875 0.75703125 0.078125 0.065625
9 0.3578125 0.26953125 0.075 0.065625
8 0.71171875 0.353125 0.0765625 0.0671875
14 0.71953125 0.5578125 0.078125 0.065625
10 0.0453125 0.5734375 0.071875 0.0609375
13 0.61328125 0.665625 0.0796875 0.0671875
5 0.93828125 0.55390625 0.075 0.0640625
8 0.7203125 0.934375 0.075 0.0625
14 0.03984375 0.7609375 0.06875 0.0625
9 0.92890625 0.26875 0.0734375 0.065625
11 0.93515625 0.4515625 0.075 0.065625
12 0.05078125 0.096875 0.071875 0.0625
10 0.93125 0.934375 0.0734375 0.0609375
13 0.94453125 0.746875 0.0765625 0.065625
6 0.35390625 0.10234375 0.078125 0.0625
