0 0.5 0.5296875 0.0828125 0.065625
0 0.42109375 0.92109375 0.0765625 0.0625
5 0.725 0.05390625 0.075 0.0609375
1 0.9609375 0.52734375 0.06875 0.065625
6 0.49296875 0.04765625 0.0765625 0.0625
3 0.71796875 0.42421875 0.078125 0.065625
6 0.2796875 0.2453125 0.078125 0.065625
6 0.0921875 0.915625 0.075 0.0625
6 0.959375 0.7140625 0.06875 0.0625
3 0.75703125 0.53125 0.078125 0.065625
2 0.92578125 0.05546875 0.0734375 0.059375
4 0.7203125 0.240625 0.078125 0.065625
1 0.84765625 0.71328125 0.0734375 0.0671875
2 0.8515625 0.14296875 0.075 0.0625
13 0.5078125 0.43046875 0.0796875 0.065625
13 0.2765625 0.53984375 0.0765625 0.065625
10 0.40078125 0.73359375 0.075 0.065625
13 0.50703125 0.24296875 0.078125 0.065625
8 0.6421875 0.73046875 0.075 0.065625
7 0.28828125 0.646875 0.0765625 0.0671875
13 0.28046875 0.4421875 0.078125 0.065625
9 0.9546875 0.4265625 0.071875 0.0625
12 0.38671875 0.334375 0.0796875 0.0671875
5 0.06171875 0.44609375 0.075 0.0640625
7 0.2796875 0.065625 0.075 0.0625
13 0.96015625 0.2390625 0.06875 0.0625
8 0.07109375 0.73125 0.0734375 0.065625
10 0.06484375 0.5484375 0.075 0.065625
11 0.94921875 0.903125 0.071875 0.0625
9 0.06875 0.065625 0.0734375 0.0609375
12 0.05546875 0.253125 0.0765625 0.065625
6 0.64609375 0.89765625 0.078125 0.0625