14 0.09296875 0.090625 0.05625 0.071875
14 0.07890625 0.5328125 0.0671875 0.071875
14 0.4671875 0.52734375 0.0671875 0.0765625
14 0.54921875 0.05546875 0.059375 0.075
14 0.85546875 0.94921875 0.05625 0.071875
11 0.07109375 0.296875 0.0609375 0.0765625
11 0.95 0.8328125 0.0703125 0.078125
10 0.09765625 0.95703125 0.06875 0.075
10 0.9515625 0.61015625 0.0703125 0.08125
9 0.275 0.04375 0.071875 0.071875
9 0.28203125 0.50546875 0.0625 0.078125
8 0.265625 0.278125 0.0625 0.078125
8 0.84765625 0.05703125 0.065625 0.071875
13 0.475 0.95 0.06875 0.075
13 0.56015625 0.5265625 0.0625 0.078125
12 0.92734375 0.16328125 0.059375 0.0734375
2 0.08203125 0.75703125 0.0609375 0.065625
2 0.85859375 0.278125 0.059375 0.075
0 0.28046875 0.73359375 0.065625 0.071875
0 0.48203125 0.7328125 0.071875 0.078125
6 0.44921875 0.06171875 0.06875 0.084375
6 0.6625 0.396875 0.0671875 0.08125
6 0.76484375 0.496875 0.0625 0.0765625
6 0.7546875 0.16875 0.06875 0.084375
6 0.76484375 0.75390625 0.065625 0.0859375
5 0.46796875 0.3171875 0.078125 0.0875
5 0.86953125 0.72890625 0.065625 0.084375
4 0.5609375 0.265625 0.065625 0.08125
3 0.5828125 0.9515625 0.0609375 0.065625
3 0.665625 0.61875 0.065625 0.0765625
1 0.87265625 0.51171875 0.065625 0.078125
1 0.93671875 0.3828125 0.06875 0.078125
