0 0.73515625 0.565625 0.0796875 0.065625
6 0.253125 0.4734375 0.078125 0.0703125
6 0.49609375 0.6484375 0.0796875 0.065625
1 0.26171875 0.6765625 0.075 0.065625
6 0.38125 0.95234375 0.071875 0.059375
6 0.73515625 0.93984375 0.075 0.0609375
1 0.25859375 0.28046875 0.075 0.065625
2 0.6984375 0.26015625 0.078125 0.065625
2 0.9078125 0.075 0.075 0.0625
6 0.05390625 0.678125 0.075 0.065625
4 0.25390625 0.0875 0.0765625 0.065625
5 0.04921875 0.28203125 0.071875 0.065625
5 0.04453125 0.47109375 0.071875 0.065625
3 0.93125 0.25234375 0.075 0.065625
3 0.053125 0.096875 0.071875 0.0625
9 0.4984375 0.46484375 0.078125 0.065625
14 0.70390625 0.07265625 0.0765625 0.0625
14 0.70390625 0.4640625 0.078125 0.0640625
14 0.1578125 0.76640625 0.0734375 0.0640625
9 0.478125 0.0796875 0.078125 0.0625
10 0.93359375 0.446875 0.075 0.065625
14 0.0765625 0.934375 0.06875 0.0578125
8 0.82265625 0.640625 0.075 0.065625
11 0.5078125 0.94296875 0.075 0.0609375
13 0.91171875 0.54921875 0.075 0.0640625
14 0.921875 0.74140625 0.075 0.065625
11 0.73828125 0.7609375 0.075 0.065625
13 0.83359375 0.8515625 0.075 0.0671875
12 0.3828125 0.75703125 0.0734375 0.0625
8 0.93125 0.93046875 0.075 0.0625
10 0.2625 0.85625 0.075 0.065625
0 0.496875 0.27265625 0.075 0.065625
