7 0.909375 0.0859375 0.078125 0.0671875
7 0.059375 0.6765625 0.078125 0.065625
8 0.70078125 0.05546875 0.084375 0.065625
8 0.36796875 0.27734375 0.084375 0.071875
10 0.70703125 0.1703125 0.08125 0.0625
10 0.83515625 0.55546875 0.0765625 0.065625
13 0.834375 0.3609375 0.075 0.065625
13 0.24375 0.4671875 0.0734375 0.0671875
13 0.26796875 0.653125 0.078125 0.0625
13 0.0703125 0.94765625 0.0765625 0.059375
13 0.615625 0.94140625 0.075 0.065625
12 0.72109375 0.45703125 0.084375 0.071875
12 0.828125 0.8453125 0.078125 0.0671875
11 0.04921875 0.56015625 0.078125 0.065625
9 0.58984375 0.753125 0.0875 0.06875
9 0.378125 0.94375 0.078125 0.0625
0 0.46953125 0.090625 0.071875 0.0609375
0 0.91953125 0.44921875 0.08125 0.0625
3 0.2421875 0.09140625 0.084375 0.059375
3 0.72734375 0.65234375 0.0765625 0.0625
4 0.046875 0.09609375 0.071875 0.065625
6 0.92734375 0.26015625 0.090625 0.06875
6 0.24609375 0.275 0.08125 0.0703125
6 0.603125 0.26953125 0.075 0.0671875
6 0.503125 0.6578125 0.0890625 0.0703125
6 0.171875 0.8515625 0.08125 0.06875
5 0.503125 0.85390625 0.090625 0.0625
5 0.03828125 0.46171875 0.0765625 0.075
1 0.0375 0.26796875 0.075 0.078125
1 0.93984375 0.6515625 0.08125 0.071875
2 0.6046875 0.5609375 0.0875 0.06875
2 0.484375 0.46875 0.078125 0.071875