0 0.915625 0.0625 0.0765625 0.065625
0 0.046875 0.09765625 0.06875 0.0609375
2 0.4875 0.075 0.075 0.065625
2 0.715625 0.26015625 0.08125 0.06875
6 0.25390625 0.26484375 0.071875 0.071875
6 0.3828125 0.753125 0.0875 0.071875
6 0.28828125 0.85625 0.0734375 0.071875
6 0.83125 0.9328125 0.0734375 0.0625
6 0.60390625 0.9484375 0.078125 0.0625
1 0.50859375 0.46015625 0.078125 0.065625
1 0.8390625 0.74921875 0.078125 0.0609375
3 0.46796875 0.54921875 0.078125 0.0703125
3 0.72421875 0.56484375 0.08125 0.0625
5 0.60078125 0.6625 0.08125 0.0578125
5 0.38203125 0.94140625 0.075 0.0625
4 0.140625 0.66484375 0.090625 0.0703125
12 0.9109375 0.26328125 0.08125 0.065625
10 0.69921875 0.06484375 0.084375 0.075
10 0.93046875 0.8421875 0.075 0.05
9 0.25078125 0.08828125 0.071875 0.0625
9 0.03984375 0.57265625 0.078125 0.0734375
13 0.0453125 0.2875 0.090625 0.0765625
13 0.4828125 0.859375 0.084375 0.065625
14 0.08828125 0.94609375 0.08125 0.0625
14 0.24140625 0.48046875 0.078125 0.0703125
14 0.2515625 0.57578125 0.078125 0.0765625
14 0.92734375 0.440625 0.06875 0.06875
14 0.95078125 0.5390625 0.078125 0.06875
8 0.7140625 0.45625 0.084375 0.084375
8 0.73046875 0.85 0.0890625 0.059375
11 0.48203125 0.27265625 0.075 0.0703125
11 0.04765625 0.46875 0.08125 0.075
