0 0.0890625 0.30859375 0.0625 0.07578125
0 0.4609375 0.528125 0.06796875 0.0796875
6 0.3703125 0.28515625 0.06796875 0.07890625
6 0.8484375 0.1609375 0.06328125 0.07578125
6 0.871875 0.49609375 0.06328125 0.078125
2 0.2859375 0.95703125 0.0640625 0.0703125
6 0.64296875 0.08125 0.065625 0.07734375
4 0.54296875 0.16953125 0.0640625 0.07578125
3 0.56953125 0.39140625 0.065625 0.07890625
3 0.94609375 0.59453125 0.06328125 0.0765625
6 0.92109375 0.0703125 0.059375 0.0734375
1 0.4703125 0.94921875 0.065625 0.07265625
2 0.93984375 0.92890625 0.0609375 0.07265625
5 0.659375 0.740625 0.06484375 0.07421875
5 0.27109375 0.065625 0.0640625 0.075
1 0.8671875 0.72734375 0.06015625 0.07265625
13 0.27109375 0.2921875 0.06484375 0.0765625
10 0.08359375 0.521875 0.06328125 0.07578125
9 0.084375 0.74140625 0.06328125 0.07578125
13 0.28046875 0.75859375 0.06484375 0.0734375
13 0.6640625 0.51015625 0.06484375 0.0765625
13 0.74609375 0.15703125 0.06484375 0.07578125
8 0.08828125 0.09140625 0.06328125 0.075
10 0.459375 0.74921875 0.06953125 0.07734375
9 0.459375 0.071875 0.06484375 0.07578125
13 0.65625 0.2703125 0.065625 0.0765625
12 0.93984375 0.36171875 0.0625 0.07578125
7 0.65234375 0.93359375 0.0625 0.07265625
11 0.27578125 0.5125 0.0640625 0.07578125
7 0.10546875 0.95390625 0.0625 0.07265625
8 0.76328125 0.84375 0.06484375 0.07421875
12 0.4734375 0.27265625 0.065625 0.0765625