0 0.30859375 0.9109375 0.075 0.0625
0 0.528125 0.5390625 0.0796875 0.06875
6 0.28515625 0.6296875 0.078125 0.06875
6 0.1609375 0.1515625 0.075 0.0625
6 0.49609375 0.128125 0.078125 0.0625
2 0.95703125 0.7140625 0.0703125 0.0640625
6 0.08125 0.35703125 0.078125 0.065625
4 0.16953125 0.45703125 0.075 0.0640625
3 0.39140625 0.43046875 0.078125 0.065625
3 0.59453125 0.05390625 0.0765625 0.0625
6 0.0703125 0.07890625 0.0734375 0.059375
1 0.94921875 0.5296875 0.071875 0.065625
2 0.92890625 0.06015625 0.071875 0.0609375
5 0.740625 0.340625 0.075 0.065625
5 0.065625 0.72890625 0.075 0.0640625
1 0.72734375 0.1328125 0.071875 0.059375
13 0.2921875 0.72890625 0.0765625 0.065625
10 0.521875 0.91640625 0.075 0.0625
9 0.74140625 0.915625 0.075 0.0640625
13 0.75859375 0.71953125 0.0734375 0.065625
13 0.51015625 0.3359375 0.0765625 0.065625
13 0.15703125 0.25390625 0.075 0.065625
8 0.09140625 0.91171875 0.075 0.0625
10 0.74921875 0.540625 0.078125 0.06875
9 0.071875 0.540625 0.075 0.065625
13 0.2703125 0.34375 0.0765625 0.065625
12 0.36171875 0.06015625 0.075 0.0625
7 0.93359375 0.34765625 0.071875 0.0625
11 0.5125 0.72421875 0.075 0.0640625
7 0.95390625 0.89453125 0.071875 0.0625
8 0.84375 0.23671875 0.075 0.065625
12 0.27265625 0.5265625 0.0765625 0.065625