6 0.04609375 0.0765625 0.06328125 0.08203125
6 0.34296875 0.06015625 0.07890625 0.0859375
6 0.9328125 0.496875 0.06875 0.09296875
6 0.91875 0.06875 0.065625 0.08203125
6 0.54921875 0.50078125 0.07421875 0.0921875
2 0.0625 0.2921875 0.07109375 0.0921875
2 0.9359375 0.60859375 0.0640625 0.08671875
5 0.24140625 0.1703125 0.07578125 0.08515625
5 0.9359375 0.82890625 0.06796875 0.08203125
3 0.2390625 0.39140625 0.071875 0.0828125
3 0.5296875 0.053125 0.07421875 0.08359375
4 0.55078125 0.278125 0.07421875 0.08046875
1 0.65078125 0.94921875 0.06953125 0.08515625
1 0.82890625 0.07265625 0.06953125 0.090625
0 0.4390625 0.16875 0.0796875 0.0859375
0 0.15546875 0.51640625 0.07578125 0.09375
10 0.1515625 0.06796875 0.071875 0.08984375
10 0.2609375 0.73984375 0.0796875 0.08359375
8 0.44140625 0.37578125 0.07421875 0.08828125
8 0.7390625 0.271875 0.06875 0.08515625
11 0.63046875 0.04765625 0.07109375 0.08671875
9 0.93125 0.2703125 0.07265625 0.0859375
11 0.74609375 0.71953125 0.06875 0.0875
12 0.56875 0.7328125 0.0734375 0.08515625
9 0.05703125 0.63203125 0.07734375 0.08828125
13 0.07578125 0.94453125 0.07578125 0.084375
14 0.26640625 0.959375 0.071875 0.08046875
14 0.83828125 0.9421875 0.07109375 0.07890625
14 0.74375 0.490625 0.06875 0.0921875
14 0.45546875 0.7328125 0.07109375 0.084375
14 0.4515625 0.49765625 0.07421875 0.0875
13 0.34921875 0.61328125 0.07421875 0.08984375
