6 0.0765625 0.95390625 0.08125 0.0625
6 0.06015625 0.65703125 0.0859375 0.078125
6 0.496875 0.0671875 0.09375 0.06875
6 0.06875 0.08125 0.08125 0.065625
6 0.50078125 0.45078125 0.0921875 0.075
2 0.2921875 0.9375 0.0921875 0.071875
2 0.60859375 0.0640625 0.0875 0.0640625
5 0.1703125 0.75859375 0.084375 0.0765625
5 0.82890625 0.0640625 0.08125 0.06875
3 0.39140625 0.7609375 0.0828125 0.071875
3 0.053125 0.4703125 0.084375 0.075
4 0.278125 0.44921875 0.08125 0.075
1 0.94921875 0.34921875 0.084375 0.06875
1 0.07265625 0.17109375 0.090625 0.06875
0 0.16875 0.5609375 0.0859375 0.0796875
0 0.51640625 0.84453125 0.09375 0.075
10 0.06796875 0.8484375 0.090625 0.071875
10 0.73984375 0.7390625 0.084375 0.0796875
8 0.37578125 0.55859375 0.0875 0.075
8 0.271875 0.2609375 0.084375 0.06875
11 0.04765625 0.36953125 0.0875 0.071875
9 0.2703125 0.06875 0.0859375 0.071875
11 0.71953125 0.25390625 0.0875 0.06875
12 0.7328125 0.43125 0.084375 0.0734375
9 0.63203125 0.94296875 0.0875 0.078125
13 0.94453125 0.92421875 0.084375 0.075
14 0.959375 0.73359375 0.08125 0.071875
14 0.9421875 0.16171875 0.078125 0.071875
14 0.490625 0.25625 0.0921875 0.06875
14 0.7328125 0.54453125 0.084375 0.071875
14 0.49765625 0.5484375 0.0875 0.075
13 0.61328125 0.65078125 0.090625 0.075
