13 0.08203125 0.09453125 0.065625 0.078125
13 0.27421875 0.74296875 0.0578125 0.071875
13 0.5703125 0.73203125 0.0703125 0.08046875
13 0.7671875 0.846875 0.071875 0.071875
13 0.56796875 0.15625 0.0609375 0.0734375
10 0.065625 0.296875 0.06484375 0.06796875
7 0.08203125 0.5171875 0.06796875 0.0765625
8 0.08046875 0.7328125 0.06796875 0.0734375
9 0.26875 0.28828125 0.0609375 0.07109375
9 0.4546875 0.3046875 0.06953125 0.07890625
11 0.365625 0.16171875 0.07578125 0.084375
12 0.94765625 0.3796875 0.05390625 0.0734375
12 0.5625 0.4015625 0.0625 0.08359375
8 0.28359375 0.96328125 0.06953125 0.0734375
7 0.4671875 0.96328125 0.0859375 0.0734375
10 0.46171875 0.7484375 0.065625 0.08046875
6 0.10546875 0.95703125 0.0734375 0.0859375
6 0.2671875 0.08203125 0.0765625 0.08359375
6 0.8484375 0.290625 0.0609375 0.07890625
6 0.94453125 0.71171875 0.05546875 0.0765625
6 0.9359375 0.0703125 0.0609375 0.084375
0 0.275 0.51328125 0.06953125 0.07890625
0 0.4703125 0.5125 0.07421875 0.08359375
5 0.6703125 0.51171875 0.06484375 0.07890625
5 0.45390625 0.065625 0.0578125 0.0734375
3 0.3703125 0.63984375 0.0703125 0.0734375
3 0.859375 0.621875 0.071875 0.078125
1 0.7625 0.61796875 0.06484375 0.0890625
1 0.6796875 0.946875 0.06328125 0.07890625
2 0.93671875 0.91796875 0.05859375 0.078125
2 0.6625 0.28515625 0.0703125 0.084375
4 0.65859375 0.07734375 0.06953125 0.08203125