14 0.90546875 0.08203125 0.078125 0.065625
14 0.25703125 0.27421875 0.071875 0.0578125
14 0.26796875 0.5703125 0.08125 0.0703125
14 0.153125 0.7671875 0.071875 0.071875
14 0.84375 0.56796875 0.0734375 0.0609375
11 0.703125 0.065625 0.06875 0.065625
8 0.4828125 0.08203125 0.0765625 0.06875
9 0.2671875 0.08046875 0.0734375 0.06875
10 0.71171875 0.26875 0.071875 0.0609375
10 0.6953125 0.4546875 0.078125 0.06875
12 0.83828125 0.365625 0.084375 0.075
13 0.6203125 0.94765625 0.0734375 0.0546875
13 0.5984375 0.5625 0.084375 0.0625
9 0.03671875 0.28359375 0.0734375 0.06875
8 0.03671875 0.4671875 0.0734375 0.0859375
11 0.2515625 0.46171875 0.08125 0.065625
6 0.04296875 0.10546875 0.0859375 0.0734375
6 0.91796875 0.2671875 0.084375 0.0765625
6 0.709375 0.8484375 0.078125 0.0609375
6 0.28828125 0.94453125 0.0765625 0.05625
6 0.9296875 0.9359375 0.084375 0.0609375
0 0.48671875 0.275 0.078125 0.06875
0 0.4875 0.4703125 0.084375 0.075
5 0.48828125 0.6703125 0.078125 0.065625
5 0.934375 0.45390625 0.0734375 0.0578125
3 0.36015625 0.3703125 0.0734375 0.0703125
3 0.378125 0.859375 0.078125 0.071875
1 0.38203125 0.7625 0.0890625 0.065625
1 0.053125 0.6796875 0.078125 0.0625
2 0.08203125 0.93671875 0.078125 0.059375
2 0.71484375 0.6625 0.084375 0.0703125
4 0.92265625 0.65859375 0.08125 0.06875
