0 0.49921875 0.33671875 0.075 0.0640625
6 0.27734375 0.34453125 0.078125 0.065625
6 0.275 0.14765625 0.0765625 0.065625
6 0.390625 0.240625 0.075 0.0640625
2 0.49296875 0.05625 0.078125 0.0625
6 0.93828125 0.340625 0.071875 0.0625
5 0.71875 0.13359375 0.0765625 0.065625
5 0.8640625 0.62890625 0.0765625 0.06875
3 0.0796875 0.36015625 0.075 0.065625
4 0.27890625 0.73515625 0.0765625 0.065625
1 0.8390625 0.23671875 0.0734375 0.0625
2 0.9484375 0.52734375 0.071875 0.065625
3 0.740625 0.9109375 0.075 0.0625
0 0.94609375 0.1375 0.06875 0.0609375
1 0.95546875 0.90859375 0.0703125 0.0609375
6 0.52578125 0.9203125 0.08125 0.06875
14 0.5203125 0.53125 0.078125 0.065625
14 0.51953125 0.7375 0.075 0.065625
14 0.753125 0.72109375 0.0765625 0.06875
8 0.74453125 0.52578125 0.0765625 0.06875
9 0.29765625 0.925 0.075 0.0625
14 0.06484375 0.73828125 0.071875 0.0625
8 0.1765625 0.4515625 0.075 0.0640625
10 0.62578125 0.240625 0.0765625 0.065625
14 0.9546875 0.72109375 0.06875 0.065625
13 0.875 0.4203125 0.075 0.0625
9 0.07578125 0.92421875 0.075 0.0625
11 0.046875 0.54609375 0.075 0.065625
10 0.06875 0.08046875 0.0734375 0.059375
12 0.74375 0.3296875 0.075 0.0625
13 0.159375 0.2578125 0.075 0.0625
11 0.28671875 0.54453125 0.0796875 0.065625
