0 0.66328125 0.49921875 0.0640625 0.075
6 0.65546875 0.27734375 0.06640625 0.07890625
6 0.85234375 0.275 0.065625 0.0765625
6 0.759375 0.390625 0.0640625 0.07578125
2 0.94375 0.49296875 0.06328125 0.078125
6 0.659375 0.93828125 0.0625 0.07109375
5 0.86640625 0.71875 0.06484375 0.0765625
5 0.37109375 0.8640625 0.06875 0.0765625
3 0.63984375 0.0796875 0.065625 0.07578125
4 0.26484375 0.27890625 0.065625 0.0765625
1 0.76328125 0.8390625 0.06171875 0.0734375
2 0.47265625 0.9484375 0.06640625 0.07265625
3 0.0890625 0.740625 0.0625 0.07578125
0 0.8625 0.94609375 0.0609375 0.06953125
1 0.09140625 0.95546875 0.0609375 0.0703125
6 0.0796875 0.52578125 0.06796875 0.08203125
13 0.46875 0.5203125 0.06640625 0.078125
13 0.2625 0.51953125 0.06484375 0.07578125
13 0.27890625 0.753125 0.06796875 0.0765625
7 0.47421875 0.74453125 0.06796875 0.0765625
8 0.075 0.29765625 0.06171875 0.07578125
13 0.26171875 0.06484375 0.06328125 0.071875
7 0.5484375 0.1765625 0.0640625 0.07578125
9 0.759375 0.62578125 0.06484375 0.0765625
13 0.27890625 0.9546875 0.06484375 0.06875
12 0.5796875 0.875 0.06328125 0.075
8 0.07578125 0.07578125 0.0625 0.07421875
10 0.45390625 0.046875 0.06484375 0.07421875
9 0.91953125 0.06875 0.059375 0.0734375
11 0.6703125 0.74375 0.06328125 0.075
12 0.7421875 0.159375 0.06328125 0.075
10 0.45546875 0.28671875 0.065625 0.0796875