12 0.07109375 0.07890625 0.06796875 0.071875
12 0.5671875 0.846875 0.071875 0.075
10 0.07578125 0.30078125 0.06328125 0.08203125
10 0.1 0.7578125 0.06328125 0.0765625
13 0.09140625 0.53671875 0.06796875 0.08203125
13 0.46640625 0.75390625 0.065625 0.08359375
13 0.6625 0.74921875 0.071875 0.08203125
13 0.28515625 0.96328125 0.0703125 0.0734375
13 0.8625 0.51015625 0.0703125 0.0734375
8 0.26640625 0.07890625 0.06796875 0.08359375
8 0.94140625 0.92734375 0.06015625 0.07890625
9 0.65390625 0.07265625 0.06953125 0.08203125
9 0.66015625 0.26796875 0.0703125 0.075
7 0.659375 0.503125 0.06796875 0.078125
7 0.93515625 0.27734375 0.0625 0.08203125
11 0.68203125 0.934375 0.06796875 0.08203125
2 0.09921875 0.9546875 0.06953125 0.07890625
2 0.26171875 0.29609375 0.07578125 0.08359375
6 0.2734375 0.52421875 0.06796875 0.08203125
6 0.2671875 0.7375 0.0671875 0.078125
6 0.4703125 0.53203125 0.06796875 0.08046875
6 0.9203125 0.075 0.0609375 0.071875
6 0.46328125 0.959375 0.0671875 0.0734375
0 0.28046875 0.859375 0.0671875 0.08359375
0 0.75390625 0.165625 0.06328125 0.08046875
1 0.46640625 0.29453125 0.07265625 0.078125
1 0.9359375 0.715625 0.0625 0.08203125
3 0.77421875 0.61640625 0.065625 0.075
3 0.75859375 0.3796875 0.07265625 0.07890625
4 0.78046875 0.8453125 0.06953125 0.0734375
5 0.56484375 0.390625 0.078125 0.08359375
5 0.440625 0.06953125 0.071875 0.075