13 0.92109375 0.07109375 0.071875 0.06875
13 0.153125 0.5671875 0.075 0.071875
11 0.69921875 0.07578125 0.08125 0.0625
11 0.2421875 0.1 0.0765625 0.0625
14 0.46328125 0.09140625 0.08125 0.06875
14 0.24609375 0.46640625 0.084375 0.065625
14 0.25078125 0.6625 0.08125 0.071875
14 0.03671875 0.28515625 0.0734375 0.0703125
14 0.48984375 0.8625 0.0734375 0.0703125
9 0.92109375 0.26640625 0.084375 0.06875
9 0.07265625 0.94140625 0.078125 0.0609375
10 0.92734375 0.65390625 0.08125 0.06875
10 0.73203125 0.66015625 0.075 0.0703125
8 0.496875 0.659375 0.078125 0.06875
8 0.72265625 0.93515625 0.08125 0.0625
12 0.065625 0.68203125 0.08125 0.06875
2 0.0453125 0.09921875 0.078125 0.06875
2 0.70390625 0.26171875 0.084375 0.075
6 0.47578125 0.2734375 0.08125 0.06875
6 0.2625 0.2671875 0.078125 0.0671875
6 0.46796875 0.4703125 0.08125 0.06875
6 0.925 0.9203125 0.071875 0.0609375
6 0.040625 0.46328125 0.0734375 0.0671875
0 0.140625 0.28046875 0.084375 0.0671875
0 0.834375 0.75390625 0.08125 0.0640625
1 0.70546875 0.46640625 0.078125 0.071875
1 0.284375 0.9359375 0.08125 0.0625
3 0.38359375 0.77421875 0.075 0.065625
3 0.6203125 0.75859375 0.078125 0.071875
4 0.1546875 0.78046875 0.0734375 0.0703125
5 0.609375 0.56484375 0.084375 0.078125
5 0.93046875 0.440625 0.075 0.071875
