0 0.08046875 0.91875 0.0765625 0.0625
6 0.06640625 0.73515625 0.075 0.065625
6 0.29140625 0.5296875 0.075 0.065625
1 0.1578125 0.15 0.075 0.0625
6 0.528125 0.73984375 0.078125 0.065625
4 0.29140625 0.73203125 0.075 0.0640625
3 0.95078125 0.89453125 0.071875 0.0625
2 0.07109375 0.06875 0.075 0.0625
6 0.625 0.2421875 0.078125 0.065625
6 0.95234375 0.71875 0.0734375 0.06875
0 0.96328125 0.5296875 0.06875 0.0640625
5 0.059375 0.546875 0.075 0.065625
2 0.1671875 0.246875 0.078125 0.065625
5 0.61953125 0.42890625 0.078125 0.065625
1 0.8484375 0.24375 0.071875 0.0625
3 0.928125 0.06484375 0.071875 0.059375
14 0.290625 0.928125 0.075 0.0609375
9 0.15078125 0.34296875 0.0765625 0.065625
9 0.27734375 0.0578125 0.075 0.0625
11 0.53125 0.91796875 0.078125 0.0625
14 0.53125 0.5171875 0.0765625 0.0625
13 0.06015625 0.44296875 0.075 0.0640625
13 0.51484375 0.05390625 0.075 0.059375
14 0.39609375 0.23515625 0.075 0.065625
14 0.75234375 0.53046875 0.075 0.065625
12 0.76015625 0.92109375 0.075 0.0625
14 0.8578125 0.42421875 0.075 0.0625
8 0.72890625 0.06328125 0.0734375 0.059375
11 0.76484375 0.7265625 0.075 0.0640625
8 0.50859375 0.34609375 0.078125 0.065625
10 0.734375 0.33984375 0.078125 0.065625
10 0.3890625 0.4359375 0.078125 0.065625
