0 0.91953125 0.08125 0.0765625 0.0625
6 0.93359375 0.26484375 0.075 0.065625
6 0.70859375 0.4703125 0.075 0.065625
1 0.8421875 0.85 0.075 0.0625
6 0.471875 0.26015625 0.078125 0.065625
4 0.70859375 0.26796875 0.075 0.0640625
3 0.04921875 0.10546875 0.071875 0.0625
2 0.92890625 0.93125 0.075 0.0625
6 0.375 0.7578125 0.078125 0.065625
6 0.04765625 0.28125 0.0734375 0.06875
0 0.03671875 0.4703125 0.06875 0.0640625
5 0.940625 0.453125 0.075 0.065625
2 0.8328125 0.753125 0.078125 0.065625
5 0.38046875 0.57109375 0.078125 0.065625
1 0.1515625 0.75625 0.071875 0.0625
3 0.071875 0.93515625 0.071875 0.0609375
13 0.709375 0.071875 0.075 0.0609375
8 0.84921875 0.65703125 0.0765625 0.065625
8 0.72265625 0.9421875 0.075 0.0625
10 0.46875 0.08203125 0.078125 0.0625
13 0.46875 0.4828125 0.0765625 0.0625
12 0.93984375 0.55703125 0.075 0.0640625
12 0.48515625 0.94609375 0.075 0.059375
13 0.60390625 0.76484375 0.075 0.065625
13 0.24765625 0.46953125 0.075 0.065625
11 0.23984375 0.07890625 0.075 0.0625
13 0.1421875 0.57578125 0.075 0.0625
7 0.27109375 0.93671875 0.0734375 0.059375
10 0.23515625 0.2734375 0.075 0.0640625
7 0.49140625 0.65390625 0.078125 0.065625
9 0.265625 0.66015625 0.078125 0.065625
9 0.6109375 0.5640625 0.078125 0.065625