11 0.09765625 0.0734375 0.065625 0.078125
10 0.07734375 0.2890625 0.0703125 0.08359375
10 0.46015625 0.5125 0.0703125 0.0859375
12 0.0875 0.74921875 0.06953125 0.07890625
12 0.2734375 0.73125 0.06796875 0.0765625
13 0.2671875 0.515625 0.0671875 0.071875
13 0.2703125 0.0640625 0.0625 0.075
13 0.3015625 0.96328125 0.071875 0.0734375
13 0.665625 0.9609375 0.06953125 0.078125
13 0.66484375 0.7390625 0.0703125 0.078125
9 0.4703125 0.753125 0.07265625 0.08046875
9 0.48046875 0.95703125 0.0625 0.078125
7 0.46640625 0.2859375 0.07578125 0.078125
7 0.42421875 0.075 0.07578125 0.071875
8 0.8484375 0.721875 0.065625 0.07109375
8 0.9359375 0.915625 0.06015625 0.06953125
3 0.08125 0.51484375 0.0625 0.07890625
3 0.271875 0.29765625 0.0671875 0.0734375
6 0.10078125 0.946875 0.0703125 0.078125
6 0.659375 0.0953125 0.06796875 0.08203125
6 0.934375 0.278125 0.065625 0.075
6 0.9421875 0.73828125 0.06015625 0.084375
6 0.7640625 0.39140625 0.06484375 0.078125
4 0.646875 0.271875 0.06484375 0.08359375
5 0.75625 0.19765625 0.07265625 0.08203125
5 0.7546875 0.62421875 0.06796875 0.0734375
1 0.9359375 0.390625 0.0703125 0.078125
1 0.96015625 0.603125 0.0578125 0.0765625
2 0.8359375 0.5046875 0.0671875 0.07890625
2 0.76796875 0.84140625 0.065625 0.078125
0 0.6609375 0.51328125 0.06484375 0.0734375
0 0.9328125 0.0796875 0.06953125 0.0765625