0 0.24765625 0.48203125 0.0796875 0.065625
0 0.48828125 0.93828125 0.075 0.0609375
6 0.5859375 0.7625 0.0765625 0.065625
6 0.69609375 0.4578125 0.078125 0.065625
6 0.240625 0.0859375 0.075 0.0625
1 0.14375 0.75625 0.0734375 0.0640625
5 0.2578125 0.6640625 0.078125 0.065625
2 0.48984375 0.46328125 0.078125 0.06875
6 0.91171875 0.646875 0.075 0.0640625
3 0.3828125 0.85703125 0.078125 0.065625
5 0.39140625 0.75859375 0.078125 0.0671875
4 0.07421875 0.94453125 0.0734375 0.0609375
1 0.7171875 0.94453125 0.075 0.059375
2 0.9296875 0.93046875 0.0734375 0.059375
6 0.90625 0.07265625 0.0734375 0.0625
3 0.91875 0.25625 0.071875 0.0625
13 0.4703125 0.08203125 0.0765625 0.0625
13 0.040625 0.47265625 0.06875 0.0671875
13 0.2484375 0.271875 0.075 0.065625
13 0.71796875 0.65234375 0.078125 0.0640625
7 0.04296875 0.28359375 0.0703125 0.065625
11 0.13828125 0.3796875 0.075 0.0671875
12 0.475 0.27421875 0.078125 0.065625
10 0.04609375 0.65546875 0.071875 0.065625
8 0.703125 0.0640625 0.0765625 0.0625
10 0.05546875 0.10078125 0.071875 0.0625
13 0.825 0.353125 0.075 0.065625
8 0.49453125 0.65546875 0.078125 0.065625
7 0.803125 0.74765625 0.075 0.0640625
9 0.9375 0.43984375 0.075 0.065625
9 0.284375 0.94609375 0.071875 0.059375
12 0.70703125 0.26953125 0.0765625 0.0625