0 0.48203125 0.75234375 0.065625 0.0796875
0 0.93828125 0.51171875 0.0609375 0.075
6 0.7625 0.4140625 0.065625 0.0765625
6 0.4578125 0.30390625 0.065625 0.078125
6 0.0859375 0.759375 0.0625 0.075
1 0.75625 0.85625 0.0640625 0.0734375
5 0.6640625 0.7421875 0.065625 0.078125
2 0.46328125 0.51015625 0.06875 0.078125
6 0.646875 0.08828125 0.0640625 0.075
3 0.85703125 0.6171875 0.065625 0.078125
5 0.75859375 0.60859375 0.0671875 0.078125
4 0.94453125 0.92578125 0.0609375 0.0734375
1 0.94453125 0.2828125 0.059375 0.075
2 0.93046875 0.0703125 0.059375 0.0734375
6 0.07265625 0.09375 0.0625 0.0734375
3 0.25625 0.08125 0.0625 0.071875
14 0.08203125 0.5296875 0.0625 0.0765625
14 0.47265625 0.959375 0.0671875 0.06875
14 0.271875 0.7515625 0.065625 0.075
14 0.65234375 0.28203125 0.0640625 0.078125
8 0.28359375 0.95703125 0.065625 0.0703125
12 0.3796875 0.86171875 0.0671875 0.075
13 0.27421875 0.525 0.065625 0.078125
11 0.65546875 0.95390625 0.065625 0.071875
9 0.0640625 0.296875 0.0625 0.0765625
11 0.10078125 0.94453125 0.0625 0.071875
14 0.353125 0.175 0.065625 0.075
9 0.65546875 0.50546875 0.065625 0.078125
8 0.74765625 0.196875 0.0640625 0.075
10 0.43984375 0.0625 0.065625 0.075
10 0.94609375 0.715625 0.059375 0.071875
13 0.26953125 0.29296875 0.0625 0.0765625
