13 0.096875 0.91015625 0.08125 0.0671875
13 0.271875 0.05546875 0.084375 0.059375
14 0.078125 0.73515625 0.084375 0.075
14 0.515625 0.725 0.0859375 0.071875
14 0.75546875 0.5234375 0.0859375 0.065625
14 0.39375 0.1375 0.08125 0.059375
14 0.86171875 0.42109375 0.084375 0.06875
8 0.759375 0.7109375 0.084375 0.075
8 0.63984375 0.43671875 0.0875 0.08125
11 0.96484375 0.7078125 0.0703125 0.0625
11 0.078125 0.36015625 0.0875 0.06875
9 0.0609375 0.54921875 0.065625 0.08125
9 0.859375 0.24296875 0.078125 0.065625
10 0.59921875 0.14296875 0.08125 0.06875
10 0.93203125 0.05625 0.06875 0.0625
5 0.29609375 0.92734375 0.078125 0.06875
5 0.39921875 0.4453125 0.084375 0.071875
6 0.52578125 0.91796875 0.0765625 0.0703125
6 0.76171875 0.91015625 0.078125 0.0625
6 0.95078125 0.9078125 0.0734375 0.0765625
6 0.15546875 0.4453125 0.08125 0.0671875
6 0.29609375 0.72421875 0.078125 0.065625
0 0.2953125 0.5359375 0.078125 0.06875
0 0.753125 0.3328125 0.06875 0.0625
1 0.5296875 0.53125 0.078125 0.06875
1 0.48984375 0.3375 0.078125 0.0671875
3 0.72109375 0.0515625 0.075 0.059375
3 0.284375 0.340625 0.071875 0.065625
4 0.165625 0.25859375 0.0765625 0.065625
2 0.078125 0.0765625 0.08125 0.05
2 0.93984375 0.3375 0.071875 0.0671875
12 0.9625 0.525 0.065625 0.065625
