13 0.08984375 0.096875 0.0671875 0.08046875
13 0.94453125 0.271875 0.06015625 0.084375
14 0.26484375 0.078125 0.07578125 0.08359375
14 0.275 0.515625 0.07265625 0.0859375
14 0.4765625 0.75546875 0.06484375 0.0859375
14 0.8625 0.39375 0.05859375 0.08203125
14 0.57890625 0.86171875 0.06796875 0.084375
8 0.2890625 0.759375 0.07578125 0.084375
8 0.56328125 0.63984375 0.08046875 0.0875
11 0.2921875 0.96484375 0.0625 0.0703125
11 0.63984375 0.078125 0.06796875 0.0875
9 0.45078125 0.0609375 0.08046875 0.06640625
9 0.75703125 0.859375 0.06484375 0.078125
10 0.85703125 0.59921875 0.06796875 0.08203125
10 0.94375 0.93203125 0.0625 0.06953125
5 0.07265625 0.29609375 0.06796875 0.078125
5 0.5546875 0.39921875 0.07265625 0.084375
6 0.08203125 0.52578125 0.0703125 0.0765625
6 0.08984375 0.76171875 0.0625 0.07890625
6 0.0921875 0.95078125 0.0765625 0.0734375
6 0.5546875 0.15546875 0.0671875 0.08046875
6 0.27578125 0.29609375 0.065625 0.078125
0 0.4640625 0.2953125 0.06796875 0.07890625
0 0.6671875 0.753125 0.0625 0.06953125
1 0.46875 0.5296875 0.06796875 0.07890625
1 0.6625 0.48984375 0.0671875 0.07890625
3 0.9484375 0.72109375 0.06015625 0.075
3 0.659375 0.284375 0.06484375 0.07109375
4 0.74140625 0.165625 0.065625 0.0765625
2 0.9234375 0.078125 0.05 0.08203125
2 0.6625 0.93984375 0.0671875 0.07109375
12 0.475 0.9625 0.06484375 0.06640625
