0 0.3640625 0.56953125 0.078125 0.065625
0 0.25546875 0.6625 0.078125 0.065625
6 0.253125 0.4765625 0.078125 0.06875
6 0.47265625 0.634375 0.078125 0.065625
1 0.14296875 0.75703125 0.075 0.0640625
1 0.5046875 0.95234375 0.0734375 0.0609375
6 0.7171875 0.46640625 0.078125 0.065625
6 0.07734375 0.94453125 0.075 0.0609375
5 0.1546875 0.8640625 0.075 0.0640625
2 0.6046875 0.74453125 0.0796875 0.065625
6 0.69296875 0.075 0.078125 0.0609375
3 0.72265625 0.66484375 0.078125 0.065625
3 0.72109375 0.93671875 0.075 0.0625
4 0.04296875 0.27890625 0.0703125 0.065625
5 0.39375 0.86015625 0.078125 0.065625
2 0.92421875 0.9328125 0.075 0.0625
7 0.06015625 0.09375 0.071875 0.0625
13 0.25234375 0.0859375 0.0734375 0.0625
11 0.47578125 0.47578125 0.078125 0.065625
13 0.46484375 0.26953125 0.078125 0.065625
13 0.04609375 0.46484375 0.0703125 0.065625
12 0.471875 0.0875 0.0765625 0.0640625
10 0.253125 0.27890625 0.075 0.0671875
8 0.7125 0.259375 0.078125 0.065625
7 0.90703125 0.07890625 0.075 0.0625
13 0.9265625 0.265625 0.075 0.065625
8 0.29609375 0.95234375 0.071875 0.059375
9 0.8390625 0.74921875 0.075 0.0640625
10 0.94921875 0.64921875 0.0765625 0.065625
12 0.934375 0.4515625 0.075 0.065625
13 0.8234375 0.56015625 0.075 0.0625
9 0.05390625 0.66953125 0.071875 0.065625