0 0.6359375 0.43046875 0.078125 0.065625
0 0.74453125 0.3375 0.078125 0.065625
6 0.746875 0.5234375 0.078125 0.06875
6 0.52734375 0.365625 0.078125 0.065625
1 0.85703125 0.24296875 0.075 0.0640625
1 0.4953125 0.04765625 0.0734375 0.0609375
6 0.2828125 0.53359375 0.078125 0.065625
6 0.92265625 0.05546875 0.075 0.0609375
5 0.8453125 0.1359375 0.075 0.0640625
2 0.3953125 0.25546875 0.0796875 0.065625
6 0.30703125 0.925 0.078125 0.0609375
3 0.27734375 0.33515625 0.078125 0.065625
3 0.27890625 0.06328125 0.075 0.0625
4 0.95703125 0.72109375 0.0703125 0.065625
5 0.60625 0.13984375 0.078125 0.065625
2 0.07578125 0.0671875 0.075 0.0625
8 0.93984375 0.90625 0.071875 0.0625
14 0.74765625 0.9140625 0.0734375 0.0625
12 0.52421875 0.52421875 0.078125 0.065625
14 0.53515625 0.73046875 0.078125 0.065625
14 0.95390625 0.53515625 0.0703125 0.065625
13 0.528125 0.9125 0.0765625 0.0640625
11 0.746875 0.72109375 0.075 0.0671875
9 0.2875 0.740625 0.078125 0.065625
8 0.09296875 0.92109375 0.075 0.0625
14 0.0734375 0.734375 0.075 0.065625
9 0.70390625 0.04765625 0.071875 0.059375
10 0.1609375 0.25078125 0.075 0.0640625
11 0.05078125 0.35078125 0.0765625 0.065625
13 0.065625 0.5484375 0.075 0.065625
14 0.1765625 0.43984375 0.075 0.0625
10 0.94609375 0.33046875 0.071875 0.065625
