0 0.56953125 0.6359375 0.06484375 0.07734375
0 0.6625 0.74453125 0.06484375 0.07734375
6 0.4765625 0.746875 0.06953125 0.078125
6 0.634375 0.52734375 0.06640625 0.078125
1 0.75703125 0.85703125 0.0640625 0.075
1 0.95234375 0.4953125 0.0609375 0.0734375
6 0.46640625 0.2828125 0.06640625 0.07890625
6 0.94453125 0.92265625 0.0609375 0.07421875
5 0.8640625 0.8453125 0.0640625 0.07578125
2 0.74453125 0.3953125 0.06640625 0.0796875
6 0.075 0.30703125 0.0609375 0.07734375
3 0.66484375 0.27734375 0.065625 0.07890625
3 0.93671875 0.27890625 0.0625 0.07578125
4 0.27890625 0.95703125 0.065625 0.0703125
5 0.86015625 0.60625 0.065625 0.07734375
2 0.9328125 0.07578125 0.06171875 0.07421875
7 0.09375 0.93984375 0.06171875 0.071875
13 0.0859375 0.74765625 0.0625 0.0734375
11 0.47578125 0.52421875 0.06640625 0.078125
13 0.26953125 0.53515625 0.06640625 0.07890625
13 0.46484375 0.95390625 0.06484375 0.0703125
12 0.0875 0.528125 0.0640625 0.0765625
10 0.27890625 0.746875 0.0671875 0.07578125
8 0.259375 0.2875 0.065625 0.07734375
7 0.07890625 0.09296875 0.0625 0.07421875
13 0.265625 0.0734375 0.06484375 0.075
8 0.95234375 0.70390625 0.06015625 0.071875
9 0.74921875 0.1609375 0.0640625 0.07578125
10 0.64921875 0.05078125 0.065625 0.0765625
12 0.4515625 0.065625 0.065625 0.07421875
13 0.56015625 0.1765625 0.06328125 0.075
9 0.66953125 0.94609375 0.065625 0.07265625