0 0.09140625 0.9328125 0.0828125 0.0734375
6 0.1703125 0.75078125 0.0890625 0.071875
5 0.06171875 0.09375 0.084375 0.065625
4 0.2796875 0.08203125 0.084375 0.0640625
0 0.271875 0.459375 0.084375 0.071875
3 0.5 0.3609375 0.090625 0.08125
6 0.48515625 0.15234375 0.08125 0.0671875
1 0.51796875 0.8515625 0.084375 0.06875
5 0.61328125 0.7625 0.0828125 0.075
2 0.6234375 0.45546875 0.084375 0.078125
6 0.6078125 0.06015625 0.08125 0.0625
1 0.85 0.74921875 0.0859375 0.0765625
3 0.9484375 0.62421875 0.0796875 0.0671875
6 0.953125 0.4578125 0.0859375 0.075
2 0.94453125 0.26875 0.078125 0.0734375
6 0.9171875 0.07421875 0.08125 0.065625
14 0.05390625 0.5453125 0.084375 0.075
10 0.03984375 0.2578125 0.0796875 0.06875
9 0.16015625 0.3703125 0.0734375 0.06875
14 0.29453125 0.9484375 0.08125 0.071875
14 0.2828125 0.5578125 0.08125 0.0765625
14 0.2703125 0.26015625 0.0859375 0.06875
14 0.40703125 0.84921875 0.0796875 0.075
11 0.38984375 0.6625 0.0921875 0.0765625
10 0.5109375 0.55234375 0.09375 0.075
11 0.6234375 0.259375 0.0890625 0.071875
12 0.734375 0.93125 0.0875 0.06875
13 0.740625 0.546875 0.0875 0.06875
13 0.84375 0.4453125 0.084375 0.0765625
8 0.73828125 0.25390625 0.0796875 0.0703125
9 0.81640625 0.15859375 0.08125 0.0703125
8 0.9453125 0.85703125 0.0796875 0.0703125
