1 0.91796875 0.0828125 0.071875 0.0671875
1 0.034375 0.5875 0.06875 0.0640625
0 0.48671875 0.06953125 0.08125 0.071875
0 0.14609375 0.67109375 0.08125 0.065625
5 0.48359375 0.18125 0.078125 0.065625
5 0.25859375 0.37578125 0.08125 0.071875
4 0.14921875 0.19375 0.078125 0.06875
2 0.7125 0.2484375 0.075 0.06875
2 0.83828125 0.65 0.078125 0.0671875
6 0.7171875 0.37890625 0.078125 0.071875
6 0.46953125 0.36640625 0.08125 0.06875
6 0.26171875 0.56953125 0.0734375 0.0609375
6 0.50703125 0.75625 0.084375 0.065625
6 0.05234375 0.76015625 0.0734375 0.0671875
3 0.49375 0.95 0.0734375 0.059375
3 0.278125 0.95078125 0.071875 0.06875
13 0.6921875 0.075 0.0734375 0.0625
13 0.34453125 0.0890625 0.08125 0.071875
13 0.94765625 0.2515625 0.078125 0.0625
13 0.95078125 0.5515625 0.0734375 0.0703125
13 0.94140625 0.7546875 0.075 0.065625
7 0.04765625 0.1046875 0.0734375 0.0703125
7 0.490625 0.56953125 0.078125 0.065625
9 0.04453125 0.2828125 0.075 0.06875
9 0.7265625 0.9375 0.078125 0.0625
8 0.03984375 0.4765625 0.078125 0.0671875
8 0.7359375 0.7515625 0.084375 0.0703125
10 0.93203125 0.38046875 0.075 0.065625
10 0.728125 0.5609375 0.084375 0.06875
12 0.26953125 0.78125 0.071875 0.0671875
12 0.93046875 0.93046875 0.071875 0.0578125
11 0.07265625 0.94375 0.078125 0.0625