0 0.28046875 0.2859375 0.0671875 0.07734375
6 0.4546875 0.06171875 0.06328125 0.0734375
0 0.078125 0.75390625 0.0640625 0.07578125
5 0.08203125 0.28828125 0.0625 0.0765625
6 0.0875 0.08671875 0.0625 0.07421875
6 0.3671875 0.75078125 0.0671875 0.07734375
2 0.1796875 0.7546875 0.06640625 0.07734375
1 0.3796875 0.52421875 0.06796875 0.07890625
1 0.753125 0.16796875 0.06328125 0.0734375
6 0.94375 0.6046875 0.0609375 0.0734375
6 0.471875 0.94921875 0.06640625 0.0734375
4 0.28984375 0.9515625 0.065625 0.07265625
5 0.6625 0.51171875 0.065625 0.07890625
2 0.92578125 0.05859375 0.0609375 0.07421875
3 0.5734375 0.859375 0.06328125 0.075
3 0.7703125 0.85390625 0.0625 0.07421875
14 0.46796875 0.3859375 0.06640625 0.07734375
14 0.275 0.07265625 0.0625 0.07265625
8 0.0796875 0.5046875 0.06171875 0.075
9 0.2734375 0.51875 0.065625 0.07734375
11 0.940625 0.390625 0.06015625 0.075
10 0.4734375 0.63515625 0.0671875 0.07578125
14 0.9328125 0.165625 0.0609375 0.0734375
8 0.5515625 0.1625 0.0640625 0.07578125
11 0.6625 0.28046875 0.065625 0.078125
14 0.8546875 0.49765625 0.06328125 0.07265625
14 0.10234375 0.9453125 0.06015625 0.06953125
13 0.65859375 0.08515625 0.06640625 0.07734375
9 0.94609375 0.928125 0.06015625 0.0703125
10 0.65078125 0.93046875 0.0640625 0.071875
12 0.67109375 0.73828125 0.06328125 0.0734375
13 0.9484375 0.82890625 0.06171875 0.07265625
