5 0.71875 0.05625 0.075 0.08125
6 0.9140625 0.06484375 0.06875 0.0890625
1 0.05546875 0.1890625 0.06875 0.08125
6 0.2421875 0.17734375 0.071875 0.0875
6 0.53125 0.26953125 0.075 0.078125
3 0.93515625 0.27421875 0.065625 0.084375
2 0.2453125 0.39453125 0.0765625 0.078125
5 0.246875 0.50859375 0.071875 0.0875
2 0.73515625 0.5 0.071875 0.084375
0 0.92890625 0.478125 0.06875 0.0859375
0 0.1484375 0.6265625 0.071875 0.0859375
4 0.64921875 0.73125 0.071875 0.084375
1 0.1546875 0.74296875 0.0703125 0.078125
3 0.74296875 0.83359375 0.06875 0.0875
6 0.8453125 0.8296875 0.071875 0.084375
6 0.45 0.9640625 0.06875 0.071875
8 0.0484375 0.08125 0.0765625 0.078125
10 0.34296875 0.0671875 0.0703125 0.08125
13 0.5359375 0.04765625 0.075 0.084375
12 0.728125 0.259375 0.0765625 0.084375
13 0.05625 0.39609375 0.06875 0.0875
8 0.4171875 0.375 0.078125 0.0921875
12 0.54609375 0.50625 0.071875 0.0875
11 0.93515625 0.609375 0.075 0.090625
13 0.4453125 0.615625 0.075 0.0875
10 0.0625 0.8453125 0.0671875 0.0859375
9 0.2578125 0.84375 0.08125 0.0859375
13 0.45234375 0.85078125 0.0703125 0.08125
7 0.16796875 0.95625 0.0734375 0.0875
7 0.64140625 0.94375 0.071875 0.0828125
13 0.91484375 0.909375 0.0625 0.078125
9 0.05703125 0.51640625 0.0703125 0.0859375