3 0.2546875 0.06640625 0.07421875 0.08515625
6 0.44296875 0.05703125 0.06953125 0.0796875
6 0.05625 0.16953125 0.07421875 0.08203125
0 0.053125 0.2828125 0.075 0.0921875
4 0.84140625 0.265625 0.0703125 0.084375
5 0.24765625 0.40859375 0.07265625 0.08671875
6 0.63671875 0.37578125 0.06875 0.08515625
5 0.7515625 0.5109375 0.06875 0.0875
2 0.25703125 0.6390625 0.0765625 0.084375
2 0.45390625 0.746875 0.07109375 0.08671875
1 0.6421875 0.72890625 0.07890625 0.08671875
1 0.928125 0.59765625 0.065625 0.0875
6 0.06640625 0.9453125 0.07578125 0.0828125
6 0.259375 0.96171875 0.07265625 0.0765625
0 0.44765625 0.93203125 0.0734375 0.0828125
3 0.9234375 0.9375 0.0734375 0.08046875
13 0.7234375 0.04140625 0.0765625 0.08203125
13 0.934375 0.05390625 0.06875 0.08359375
9 0.54296875 0.16796875 0.071875 0.07890625
13 0.73125 0.15703125 0.06796875 0.0796875
7 0.34375 0.2890625 0.075 0.090625
12 0.93125 0.37109375 0.065625 0.084375
7 0.44453125 0.3890625 0.07578125 0.08515625
8 0.146875 0.50859375 0.0765625 0.08671875
10 0.4453125 0.5203125 0.0765625 0.08984375
8 0.54609375 0.51875 0.071875 0.084375
12 0.06484375 0.6296875 0.075 0.08515625
10 0.06484375 0.73828125 0.071875 0.0921875
9 0.9296875 0.72265625 0.06875 0.08515625
11 0.2578125 0.85234375 0.07890625 0.084375
13 0.6328125 0.9390625 0.071875 0.084375
13 0.7421875 0.8359375 0.0734375 0.08046875