3 0.93359375 0.2546875 0.084375 0.075
6 0.94296875 0.44296875 0.0796875 0.06875
6 0.83046875 0.05625 0.08125 0.075
0 0.7171875 0.053125 0.0921875 0.075
4 0.734375 0.84140625 0.084375 0.0703125
5 0.59140625 0.24765625 0.0875 0.071875
6 0.62421875 0.63671875 0.084375 0.06875
5 0.4890625 0.7515625 0.0875 0.06875
2 0.3609375 0.25703125 0.084375 0.0765625
2 0.253125 0.45390625 0.0875 0.071875
1 0.27109375 0.6421875 0.0875 0.078125
1 0.40234375 0.928125 0.0875 0.065625
6 0.0546875 0.06640625 0.0828125 0.075
6 0.03828125 0.259375 0.0765625 0.071875
0 0.06796875 0.44765625 0.0828125 0.0734375
3 0.0625 0.9234375 0.08125 0.0734375
13 0.95859375 0.7234375 0.08125 0.0765625
13 0.94609375 0.934375 0.084375 0.06875
9 0.83203125 0.54296875 0.078125 0.071875
13 0.84296875 0.73125 0.0796875 0.06875
7 0.7109375 0.34375 0.090625 0.075
12 0.62890625 0.93125 0.084375 0.065625
7 0.6109375 0.44453125 0.084375 0.075
8 0.49140625 0.146875 0.0875 0.0765625
10 0.4796875 0.4453125 0.090625 0.0765625
8 0.48125 0.54609375 0.084375 0.071875
12 0.3703125 0.06484375 0.084375 0.075
10 0.26171875 0.06484375 0.0921875 0.071875
9 0.27734375 0.9296875 0.084375 0.06875
11 0.14765625 0.2578125 0.084375 0.078125
13 0.0609375 0.6328125 0.084375 0.071875
13 0.1640625 0.7421875 0.08125 0.0734375