3 0.06640625 0.7453125 0.084375 0.075
6 0.05703125 0.55703125 0.0796875 0.06875
6 0.16953125 0.94375 0.08125 0.075
0 0.2828125 0.946875 0.0921875 0.075
4 0.265625 0.15859375 0.084375 0.0703125
5 0.40859375 0.75234375 0.0875 0.071875
6 0.37578125 0.36328125 0.084375 0.06875
5 0.5109375 0.2484375 0.0875 0.06875
2 0.6390625 0.74296875 0.084375 0.0765625
2 0.746875 0.54609375 0.0875 0.071875
1 0.72890625 0.3578125 0.0875 0.078125
1 0.59765625 0.071875 0.0875 0.065625
6 0.9453125 0.93359375 0.0828125 0.075
6 0.96171875 0.740625 0.0765625 0.071875
0 0.93203125 0.55234375 0.0828125 0.0734375
3 0.9375 0.0765625 0.08125 0.0734375
13 0.04140625 0.2765625 0.08125 0.0765625
13 0.05390625 0.065625 0.084375 0.06875
9 0.16796875 0.45703125 0.078125 0.071875
13 0.15703125 0.26875 0.0796875 0.06875
7 0.2890625 0.65625 0.090625 0.075
12 0.37109375 0.06875 0.084375 0.065625
7 0.3890625 0.55546875 0.084375 0.075
8 0.50859375 0.853125 0.0875 0.0765625
10 0.5203125 0.5546875 0.090625 0.0765625
8 0.51875 0.45390625 0.084375 0.071875
12 0.6296875 0.93515625 0.084375 0.075
10 0.73828125 0.93515625 0.0921875 0.071875
9 0.72265625 0.0703125 0.084375 0.06875
11 0.85234375 0.7421875 0.084375 0.0796875
13 0.9390625 0.3671875 0.084375 0.071875
13 0.8359375 0.2578125 0.08125 0.0734375